(kicad_pcb (version 20171130) (host pcbnew 5.1.9)

  (general
    (thickness 1.6)
    (drawings 32)
    (tracks 214)
    (zones 0)
    (modules 244)
    (nets 247)
  )

  (page A4)
  (layers
    (0 F.Cu signal)
    (1 In1.Cu power)
    (2 In2.Cu power)
    (31 B.Cu signal)
    (32 B.Adhes user)
    (33 F.Adhes user)
    (34 B.Paste user)
    (35 F.Paste user)
    (36 B.SilkS user)
    (37 F.SilkS user)
    (38 B.Mask user)
    (39 F.Mask user)
    (40 Dwgs.User user)
    (41 Cmts.User user hide)
    (42 Eco1.User user)
    (43 Eco2.User user)
    (44 Edge.Cuts user)
    (45 Margin user)
    (46 B.CrtYd user)
    (47 F.CrtYd user)
    (48 B.Fab user)
    (49 F.Fab user hide)
  )

  (setup
    (last_trace_width 0.25)
    (user_trace_width 0.5)
    (user_trace_width 1)
    (user_trace_width 2)
    (user_trace_width 2.5)
    (trace_clearance 0.2)
    (zone_clearance 0.508)
    (zone_45_only no)
    (trace_min 0.2)
    (via_size 0.8)
    (via_drill 0.4)
    (via_min_size 0.4)
    (via_min_drill 0.3)
    (uvia_size 0.3)
    (uvia_drill 0.1)
    (uvias_allowed no)
    (uvia_min_size 0.2)
    (uvia_min_drill 0.1)
    (edge_width 0.05)
    (segment_width 0.2)
    (pcb_text_width 0.3)
    (pcb_text_size 1.5 1.5)
    (mod_edge_width 0.12)
    (mod_text_size 1 1)
    (mod_text_width 0.15)
    (pad_size 1.7 1.7)
    (pad_drill 1)
    (pad_to_mask_clearance 0.05)
    (aux_axis_origin 0 0)
    (visible_elements FFFFFF7F)
    (pcbplotparams
      (layerselection 0x010fc_ffffffff)
      (usegerberextensions false)
      (usegerberattributes true)
      (usegerberadvancedattributes true)
      (creategerberjobfile true)
      (excludeedgelayer true)
      (linewidth 0.100000)
      (plotframeref false)
      (viasonmask false)
      (mode 1)
      (useauxorigin false)
      (hpglpennumber 1)
      (hpglpenspeed 20)
      (hpglpendiameter 15.000000)
      (psnegative false)
      (psa4output false)
      (plotreference true)
      (plotvalue true)
      (plotinvisibletext false)
      (padsonsilk false)
      (subtractmaskfromsilk false)
      (outputformat 1)
      (mirror false)
      (drillshape 1)
      (scaleselection 1)
      (outputdirectory ""))
  )

  (net 0 "")
  (net 1 IAT)
  (net 2 GND)
  (net 3 "Net-(C2-Pad1)")
  (net 4 ADC-CLAMP-1)
  (net 5 ADC-CLAMP-5)
  (net 6 VPROT)
  (net 7 CLT)
  (net 8 ADC-CLAMP-2)
  (net 9 ADC-CLAMP-6)
  (net 10 TPS)
  (net 11 ADC-CLAMP-3)
  (net 12 ADC-CLAMP-8)
  (net 13 ADC-CLAMP-9)
  (net 14 O2)
  (net 15 ADC-CLAMP-4)
  (net 16 BUCK_IN)
  (net 17 "Net-(C18-Pad2)")
  (net 18 "Net-(C18-Pad1)")
  (net 19 "Net-(C19-Pad2)")
  (net 20 "Net-(C19-Pad1)")
  (net 21 +3V3)
  (net 22 CANH)
  (net 23 CANL)
  (net 24 HSE_OUT)
  (net 25 "Net-(C26-Pad1)")
  (net 26 "Net-(C27-Pad1)")
  (net 27 "Net-(C28-Pad1)")
  (net 28 +3.3VA)
  (net 29 VBAT)
  (net 30 IDLE)
  (net 31 12v-SW)
  (net 32 "Net-(D3-Pad2)")
  (net 33 "Net-(D4-Pad2)")
  (net 34 "Net-(D5-Pad2)")
  (net 35 "Net-(D6-Pad2)")
  (net 36 /Sensors/MCU-CLUTCH)
  (net 37 "Net-(D9-Pad1)")
  (net 38 USB_CONN_VBUS)
  (net 39 "Net-(D12-Pad1)")
  (net 40 "Net-(D12-Pad2)")
  (net 41 "Net-(D13-Pad1)")
  (net 42 "Net-(D13-Pad2)")
  (net 43 "Net-(D14-Pad2)")
  (net 44 "Net-(D14-Pad1)")
  (net 45 "Net-(D15-Pad1)")
  (net 46 "Net-(D15-Pad2)")
  (net 47 INJ-1)
  (net 48 INJ-2)
  (net 49 INJ-3)
  (net 50 INJ-4)
  (net 51 "Net-(F1-Pad1)")
  (net 52 IGN-3)
  (net 53 IGN-2)
  (net 54 IGN-1)
  (net 55 IGN-4)
  (net 56 BOOST)
  (net 57 TACH)
  (net 58 CAM)
  (net 59 CLUTCH)
  (net 60 CRANK)
  (net 61 FP)
  (net 62 FAN)
  (net 63 SWDIO)
  (net 64 SWCLK)
  (net 65 SWO)
  (net 66 NRST)
  (net 67 "Net-(JP1-Pad1)")
  (net 68 /IDLE+BOOST/MCU-IDLE)
  (net 69 "Net-(R5-Pad1)")
  (net 70 /IDLE+BOOST/MCU-BOOST)
  (net 71 "Net-(R6-Pad1)")
  (net 72 /FAN+TACH/MCU-FAN)
  (net 73 /FAN+TACH/MCU-TACH)
  (net 74 /Ignitors/MCU-IGN-3)
  (net 75 "Net-(R14-Pad1)")
  (net 76 "Net-(R15-Pad1)")
  (net 77 /Ignitors/MCU-IGN-4)
  (net 78 "Net-(R16-Pad1)")
  (net 79 /Ignitors/MCU-IGN-1)
  (net 80 "Net-(R17-Pad1)")
  (net 81 /Ignitors/MCU-IGN-2)
  (net 82 "Net-(R22-Pad2)")
  (net 83 "Net-(R23-Pad1)")
  (net 84 "Net-(R24-Pad2)")
  (net 85 "Net-(R25-Pad1)")
  (net 86 BUCK_EN)
  (net 87 USB_CONN_D-)
  (net 88 USB_CONN_D+)
  (net 89 "Net-(R52-Pad1)")
  (net 90 "Net-(R53-Pad1)")
  (net 91 "Net-(R55-Pad1)")
  (net 92 "Net-(R56-Pad1)")
  (net 93 HSE_IN)
  (net 94 "Net-(R60-Pad1)")
  (net 95 /Injectors/MCU-INJ-1)
  (net 96 "Net-(R62-Pad1)")
  (net 97 "Net-(R63-Pad1)")
  (net 98 /Injectors/MCU-INJ-2)
  (net 99 /Injectors/MCU-INJ-3)
  (net 100 "Net-(R66-Pad1)")
  (net 101 /Injectors/MCU-INJ-4)
  (net 102 "Net-(R67-Pad1)")
  (net 103 USB_D+)
  (net 104 USB_D-)
  (net 105 MCU-CAN-RX)
  (net 106 MCU-CAN-TX)
  (net 107 UART7_RX)
  (net 108 UART7_TX)
  (net 109 USB_CONN_SHIELD)
  (net 110 "Net-(C47-Pad2)")
  (net 111 "Net-(C52-Pad1)")
  (net 112 SDIO_VDD)
  (net 113 /Sensors/MCU-AC)
  (net 114 /spare-pwms/VVT-OUT)
  (net 115 SDIO_D0)
  (net 116 "Net-(D23-Pad2)")
  (net 117 "Net-(D24-Pad2)")
  (net 118 SDIO_D1)
  (net 119 SDIO_D2)
  (net 120 SDIO_D3)
  (net 121 SDIO_CMD)
  (net 122 SDIO_CK)
  (net 123 /spare-pwms/HC-1)
  (net 124 /spare-pwms/HC-2)
  (net 125 /spare-pwms/HC-3)
  (net 126 /FAN+TACH/MCU-FP)
  (net 127 I2C1_SDA)
  (net 128 I2C1_SDL)
  (net 129 /mcu/MCU-VVT)
  (net 130 "Net-(R81-Pad1)")
  (net 131 "Net-(R82-Pad1)")
  (net 132 /mcu/MCU-PWM1)
  (net 133 /mcu/MCU-PWM2)
  (net 134 "Net-(R83-Pad1)")
  (net 135 "Net-(R84-Pad1)")
  (net 136 /mcu/MCU-PWM3)
  (net 137 ADC-CLAMP-7)
  (net 138 ADC-CLAMP-11)
  (net 139 ADC-CLAMP-12)
  (net 140 ADC-CLAMP-13)
  (net 141 ADC-CLAMP-14)
  (net 142 LSE_OUT)
  (net 143 VREG)
  (net 144 "Net-(J1-PadA7)")
  (net 145 "Net-(J1-PadA6)")
  (net 146 "Net-(J1-PadA3)")
  (net 147 "Net-(J1-PadA5)")
  (net 148 "Net-(J1-PadA4)")
  (net 149 ST_SIG)
  (net 150 "Net-(J2-PadA8)")
  (net 151 "Net-(J3-Pad7)")
  (net 152 "Net-(J3-Pad8)")
  (net 153 "Net-(J6-Pad10)")
  (net 154 "Net-(J6-Pad9)")
  (net 155 "Net-(J7-Pad1)")
  (net 156 "Net-(J7-Pad6)")
  (net 157 /Sensors/AC-IN)
  (net 158 LSE_IN)
  (net 159 "Net-(U1-Pad1)")
  (net 160 "Net-(U1-Pad8)")
  (net 161 "Net-(U1-Pad5)")
  (net 162 "Net-(U1-Pad6)")
  (net 163 "Net-(U1-Pad7)")
  (net 164 "Net-(U2-Pad4)")
  (net 165 "Net-(U2-Pad2)")
  (net 166 "Net-(U3-Pad2)")
  (net 167 "Net-(U3-Pad4)")
  (net 168 "Net-(U4-Pad8)")
  (net 169 "Net-(U4-Pad1)")
  (net 170 "Net-(U5-Pad1)")
  (net 171 "Net-(U5-Pad8)")
  (net 172 ADC-CLAMP-10)
  (net 173 "Net-(U7-Pad2)")
  (net 174 "Net-(U7-Pad4)")
  (net 175 "Net-(U8-Pad3)")
  (net 176 "Net-(U8-Pad2)")
  (net 177 "Net-(U9-Pad2)")
  (net 178 "Net-(U9-Pad3)")
  (net 179 "Net-(U12-Pad1)")
  (net 180 "Net-(U12-Pad2)")
  (net 181 "Net-(U12-Pad3)")
  (net 182 "Net-(U12-Pad7)")
  (net 183 "Net-(U12-Pad10)")
  (net 184 "Net-(U12-Pad11)")
  (net 185 "Net-(U12-Pad12)")
  (net 186 "Net-(U12-Pad13)")
  (net 187 "Net-(U12-Pad14)")
  (net 188 "Net-(U12-Pad15)")
  (net 189 "Net-(U12-Pad22)")
  (net 190 "Net-(U12-Pad26)")
  (net 191 "Net-(U12-Pad27)")
  (net 192 "Net-(U12-Pad28)")
  (net 193 /mcu/MCU-SPI1-CS)
  (net 194 /mcu/MCU-SPI1-SCK)
  (net 195 /mcu/MCU-SPI1-MISO)
  (net 196 /mcu/MCU-SPI1-MOSI)
  (net 197 "Net-(U12-Pad48)")
  (net 198 "Net-(U12-Pad49)")
  (net 199 "Net-(U12-Pad50)")
  (net 200 "Net-(U12-Pad53)")
  (net 201 "Net-(U12-Pad54)")
  (net 202 "Net-(U12-Pad55)")
  (net 203 "Net-(U12-Pad56)")
  (net 204 "Net-(U12-Pad57)")
  (net 205 "Net-(U12-Pad58)")
  (net 206 "Net-(U12-Pad59)")
  (net 207 "Net-(U12-Pad63)")
  (net 208 "Net-(U12-Pad65)")
  (net 209 "Net-(U12-Pad68)")
  (net 210 "Net-(U12-Pad76)")
  (net 211 "Net-(U12-Pad77)")
  (net 212 "Net-(U12-Pad78)")
  (net 213 "Net-(U12-Pad79)")
  (net 214 "Net-(U12-Pad80)")
  (net 215 "Net-(U12-Pad85)")
  (net 216 "Net-(U12-Pad86)")
  (net 217 "Net-(U12-Pad91)")
  (net 218 "Net-(U12-Pad92)")
  (net 219 "Net-(U12-Pad93)")
  (net 220 "Net-(U12-Pad96)")
  (net 221 "Net-(U12-Pad97)")
  (net 222 /mcu/MCU-CEL)
  (net 223 /mcu/MCU-RN1)
  (net 224 /mcu/MCU-RN2)
  (net 225 "Net-(U12-Pad110)")
  (net 226 "Net-(U12-Pad122)")
  (net 227 "Net-(U12-Pad123)")
  (net 228 "Net-(U12-Pad124)")
  (net 229 "Net-(U12-Pad125)")
  (net 230 "Net-(U12-Pad126)")
  (net 231 "Net-(U12-Pad127)")
  (net 232 "Net-(U12-Pad128)")
  (net 233 "Net-(U12-Pad129)")
  (net 234 "Net-(U12-Pad132)")
  (net 235 "Net-(U12-Pad134)")
  (net 236 "Net-(U12-Pad135)")
  (net 237 "Net-(U12-Pad141)")
  (net 238 "Net-(U12-Pad142)")
  (net 239 "Net-(U13-Pad2)")
  (net 240 "Net-(U13-Pad4)")
  (net 241 "Net-(U14-Pad4)")
  (net 242 "Net-(U14-Pad2)")
  (net 243 /Sensors/ANALOG-3-IN)
  (net 244 /Sensors/ANALOG-4-IN)
  (net 245 /Sensors/ANALOG-1-IN)
  (net 246 /Sensors/ANALOG-2-IN)

  (net_class Default "This is the default net class."
    (clearance 0.2)
    (trace_width 0.25)
    (via_dia 0.8)
    (via_drill 0.4)
    (uvia_dia 0.3)
    (uvia_drill 0.1)
    (add_net +3.3VA)
    (add_net +3V3)
    (add_net /FAN+TACH/MCU-FAN)
    (add_net /FAN+TACH/MCU-FP)
    (add_net /FAN+TACH/MCU-TACH)
    (add_net /IDLE+BOOST/MCU-BOOST)
    (add_net /IDLE+BOOST/MCU-IDLE)
    (add_net /Ignitors/MCU-IGN-1)
    (add_net /Ignitors/MCU-IGN-2)
    (add_net /Ignitors/MCU-IGN-3)
    (add_net /Ignitors/MCU-IGN-4)
    (add_net /Injectors/MCU-INJ-1)
    (add_net /Injectors/MCU-INJ-2)
    (add_net /Injectors/MCU-INJ-3)
    (add_net /Injectors/MCU-INJ-4)
    (add_net /Sensors/AC-IN)
    (add_net /Sensors/ANALOG-1-IN)
    (add_net /Sensors/ANALOG-2-IN)
    (add_net /Sensors/ANALOG-3-IN)
    (add_net /Sensors/ANALOG-4-IN)
    (add_net /Sensors/MCU-AC)
    (add_net /Sensors/MCU-CLUTCH)
    (add_net /mcu/MCU-CEL)
    (add_net /mcu/MCU-PWM1)
    (add_net /mcu/MCU-PWM2)
    (add_net /mcu/MCU-PWM3)
    (add_net /mcu/MCU-RN1)
    (add_net /mcu/MCU-RN2)
    (add_net /mcu/MCU-SPI1-CS)
    (add_net /mcu/MCU-SPI1-MISO)
    (add_net /mcu/MCU-SPI1-MOSI)
    (add_net /mcu/MCU-SPI1-SCK)
    (add_net /mcu/MCU-VVT)
    (add_net /spare-pwms/HC-1)
    (add_net /spare-pwms/HC-2)
    (add_net /spare-pwms/HC-3)
    (add_net /spare-pwms/VVT-OUT)
    (add_net 12v-SW)
    (add_net ADC-CLAMP-1)
    (add_net ADC-CLAMP-10)
    (add_net ADC-CLAMP-11)
    (add_net ADC-CLAMP-12)
    (add_net ADC-CLAMP-13)
    (add_net ADC-CLAMP-14)
    (add_net ADC-CLAMP-2)
    (add_net ADC-CLAMP-3)
    (add_net ADC-CLAMP-4)
    (add_net ADC-CLAMP-5)
    (add_net ADC-CLAMP-6)
    (add_net ADC-CLAMP-7)
    (add_net ADC-CLAMP-8)
    (add_net ADC-CLAMP-9)
    (add_net BOOST)
    (add_net BUCK_EN)
    (add_net BUCK_IN)
    (add_net CAM)
    (add_net CANH)
    (add_net CANL)
    (add_net CLT)
    (add_net CLUTCH)
    (add_net CRANK)
    (add_net FAN)
    (add_net FP)
    (add_net GND)
    (add_net HSE_IN)
    (add_net HSE_OUT)
    (add_net I2C1_SDA)
    (add_net I2C1_SDL)
    (add_net IAT)
    (add_net IDLE)
    (add_net IGN-1)
    (add_net IGN-2)
    (add_net IGN-3)
    (add_net IGN-4)
    (add_net INJ-1)
    (add_net INJ-2)
    (add_net INJ-3)
    (add_net INJ-4)
    (add_net LSE_IN)
    (add_net LSE_OUT)
    (add_net MCU-CAN-RX)
    (add_net MCU-CAN-TX)
    (add_net NRST)
    (add_net "Net-(C18-Pad1)")
    (add_net "Net-(C18-Pad2)")
    (add_net "Net-(C19-Pad1)")
    (add_net "Net-(C19-Pad2)")
    (add_net "Net-(C2-Pad1)")
    (add_net "Net-(C26-Pad1)")
    (add_net "Net-(C27-Pad1)")
    (add_net "Net-(C28-Pad1)")
    (add_net "Net-(C47-Pad2)")
    (add_net "Net-(C52-Pad1)")
    (add_net "Net-(D12-Pad1)")
    (add_net "Net-(D12-Pad2)")
    (add_net "Net-(D13-Pad1)")
    (add_net "Net-(D13-Pad2)")
    (add_net "Net-(D14-Pad1)")
    (add_net "Net-(D14-Pad2)")
    (add_net "Net-(D15-Pad1)")
    (add_net "Net-(D15-Pad2)")
    (add_net "Net-(D23-Pad2)")
    (add_net "Net-(D24-Pad2)")
    (add_net "Net-(D3-Pad2)")
    (add_net "Net-(D4-Pad2)")
    (add_net "Net-(D5-Pad2)")
    (add_net "Net-(D6-Pad2)")
    (add_net "Net-(D9-Pad1)")
    (add_net "Net-(F1-Pad1)")
    (add_net "Net-(J1-PadA3)")
    (add_net "Net-(J1-PadA4)")
    (add_net "Net-(J1-PadA5)")
    (add_net "Net-(J1-PadA6)")
    (add_net "Net-(J1-PadA7)")
    (add_net "Net-(J2-PadA8)")
    (add_net "Net-(J3-Pad7)")
    (add_net "Net-(J3-Pad8)")
    (add_net "Net-(J6-Pad10)")
    (add_net "Net-(J6-Pad9)")
    (add_net "Net-(J7-Pad1)")
    (add_net "Net-(J7-Pad6)")
    (add_net "Net-(JP1-Pad1)")
    (add_net "Net-(R14-Pad1)")
    (add_net "Net-(R15-Pad1)")
    (add_net "Net-(R16-Pad1)")
    (add_net "Net-(R17-Pad1)")
    (add_net "Net-(R22-Pad2)")
    (add_net "Net-(R23-Pad1)")
    (add_net "Net-(R24-Pad2)")
    (add_net "Net-(R25-Pad1)")
    (add_net "Net-(R5-Pad1)")
    (add_net "Net-(R52-Pad1)")
    (add_net "Net-(R53-Pad1)")
    (add_net "Net-(R55-Pad1)")
    (add_net "Net-(R56-Pad1)")
    (add_net "Net-(R6-Pad1)")
    (add_net "Net-(R60-Pad1)")
    (add_net "Net-(R62-Pad1)")
    (add_net "Net-(R63-Pad1)")
    (add_net "Net-(R66-Pad1)")
    (add_net "Net-(R67-Pad1)")
    (add_net "Net-(R81-Pad1)")
    (add_net "Net-(R82-Pad1)")
    (add_net "Net-(R83-Pad1)")
    (add_net "Net-(R84-Pad1)")
    (add_net "Net-(U1-Pad1)")
    (add_net "Net-(U1-Pad5)")
    (add_net "Net-(U1-Pad6)")
    (add_net "Net-(U1-Pad7)")
    (add_net "Net-(U1-Pad8)")
    (add_net "Net-(U12-Pad1)")
    (add_net "Net-(U12-Pad10)")
    (add_net "Net-(U12-Pad11)")
    (add_net "Net-(U12-Pad110)")
    (add_net "Net-(U12-Pad12)")
    (add_net "Net-(U12-Pad122)")
    (add_net "Net-(U12-Pad123)")
    (add_net "Net-(U12-Pad124)")
    (add_net "Net-(U12-Pad125)")
    (add_net "Net-(U12-Pad126)")
    (add_net "Net-(U12-Pad127)")
    (add_net "Net-(U12-Pad128)")
    (add_net "Net-(U12-Pad129)")
    (add_net "Net-(U12-Pad13)")
    (add_net "Net-(U12-Pad132)")
    (add_net "Net-(U12-Pad134)")
    (add_net "Net-(U12-Pad135)")
    (add_net "Net-(U12-Pad14)")
    (add_net "Net-(U12-Pad141)")
    (add_net "Net-(U12-Pad142)")
    (add_net "Net-(U12-Pad15)")
    (add_net "Net-(U12-Pad2)")
    (add_net "Net-(U12-Pad22)")
    (add_net "Net-(U12-Pad26)")
    (add_net "Net-(U12-Pad27)")
    (add_net "Net-(U12-Pad28)")
    (add_net "Net-(U12-Pad3)")
    (add_net "Net-(U12-Pad48)")
    (add_net "Net-(U12-Pad49)")
    (add_net "Net-(U12-Pad50)")
    (add_net "Net-(U12-Pad53)")
    (add_net "Net-(U12-Pad54)")
    (add_net "Net-(U12-Pad55)")
    (add_net "Net-(U12-Pad56)")
    (add_net "Net-(U12-Pad57)")
    (add_net "Net-(U12-Pad58)")
    (add_net "Net-(U12-Pad59)")
    (add_net "Net-(U12-Pad63)")
    (add_net "Net-(U12-Pad65)")
    (add_net "Net-(U12-Pad68)")
    (add_net "Net-(U12-Pad7)")
    (add_net "Net-(U12-Pad76)")
    (add_net "Net-(U12-Pad77)")
    (add_net "Net-(U12-Pad78)")
    (add_net "Net-(U12-Pad79)")
    (add_net "Net-(U12-Pad80)")
    (add_net "Net-(U12-Pad85)")
    (add_net "Net-(U12-Pad86)")
    (add_net "Net-(U12-Pad91)")
    (add_net "Net-(U12-Pad92)")
    (add_net "Net-(U12-Pad93)")
    (add_net "Net-(U12-Pad96)")
    (add_net "Net-(U12-Pad97)")
    (add_net "Net-(U13-Pad2)")
    (add_net "Net-(U13-Pad4)")
    (add_net "Net-(U14-Pad2)")
    (add_net "Net-(U14-Pad4)")
    (add_net "Net-(U2-Pad2)")
    (add_net "Net-(U2-Pad4)")
    (add_net "Net-(U3-Pad2)")
    (add_net "Net-(U3-Pad4)")
    (add_net "Net-(U4-Pad1)")
    (add_net "Net-(U4-Pad8)")
    (add_net "Net-(U5-Pad1)")
    (add_net "Net-(U5-Pad8)")
    (add_net "Net-(U7-Pad2)")
    (add_net "Net-(U7-Pad4)")
    (add_net "Net-(U8-Pad2)")
    (add_net "Net-(U8-Pad3)")
    (add_net "Net-(U9-Pad2)")
    (add_net "Net-(U9-Pad3)")
    (add_net O2)
    (add_net SDIO_CK)
    (add_net SDIO_CMD)
    (add_net SDIO_D0)
    (add_net SDIO_D1)
    (add_net SDIO_D2)
    (add_net SDIO_D3)
    (add_net SDIO_VDD)
    (add_net ST_SIG)
    (add_net SWCLK)
    (add_net SWDIO)
    (add_net SWO)
    (add_net TACH)
    (add_net TPS)
    (add_net UART7_RX)
    (add_net UART7_TX)
    (add_net USB_CONN_D+)
    (add_net USB_CONN_D-)
    (add_net USB_CONN_SHIELD)
    (add_net USB_CONN_VBUS)
    (add_net USB_D+)
    (add_net USB_D-)
    (add_net VBAT)
    (add_net VPROT)
    (add_net VREG)
  )

  (module Diode_SMD:D_SOD-123 (layer F.Cu) (tedit 58645DC7) (tstamp 6082B16B)
    (at 132.505438 48.362328 315)
    (descr SOD-123)
    (tags SOD-123)
    (path /5EF927DD/5EF93E94)
    (attr smd)
    (fp_text reference D2 (at 0 -2 135) (layer F.Fab)
      (effects (font (size 1 1) (thickness 0.15)))
    )
    (fp_text value 1n41001 (at 0 2.1 135) (layer F.Fab)
      (effects (font (size 1 1) (thickness 0.15)))
    )
    (fp_line (start -2.25 -1) (end -2.25 1) (layer F.SilkS) (width 0.12))
    (fp_line (start 0.25 0) (end 0.75 0) (layer F.Fab) (width 0.1))
    (fp_line (start 0.25 0.4) (end -0.35 0) (layer F.Fab) (width 0.1))
    (fp_line (start 0.25 -0.4) (end 0.25 0.4) (layer F.Fab) (width 0.1))
    (fp_line (start -0.35 0) (end 0.25 -0.4) (layer F.Fab) (width 0.1))
    (fp_line (start -0.35 0) (end -0.35 0.55) (layer F.Fab) (width 0.1))
    (fp_line (start -0.35 0) (end -0.35 -0.55) (layer F.Fab) (width 0.1))
    (fp_line (start -0.75 0) (end -0.35 0) (layer F.Fab) (width 0.1))
    (fp_line (start -1.4 0.9) (end -1.4 -0.9) (layer F.Fab) (width 0.1))
    (fp_line (start 1.4 0.9) (end -1.4 0.9) (layer F.Fab) (width 0.1))
    (fp_line (start 1.4 -0.9) (end 1.4 0.9) (layer F.Fab) (width 0.1))
    (fp_line (start -1.4 -0.9) (end 1.4 -0.9) (layer F.Fab) (width 0.1))
    (fp_line (start -2.35 -1.15) (end 2.35 -1.15) (layer F.CrtYd) (width 0.05))
    (fp_line (start 2.35 -1.15) (end 2.35 1.15) (layer F.CrtYd) (width 0.05))
    (fp_line (start 2.35 1.15) (end -2.35 1.15) (layer F.CrtYd) (width 0.05))
    (fp_line (start -2.35 -1.15) (end -2.35 1.15) (layer F.CrtYd) (width 0.05))
    (fp_line (start -2.25 1) (end 1.65 1) (layer F.SilkS) (width 0.12))
    (fp_line (start -2.25 -1) (end 1.65 -1) (layer F.SilkS) (width 0.12))
    (fp_text user %R (at 0 -2 135) (layer F.Fab)
      (effects (font (size 1 1) (thickness 0.15)))
    )
    (pad 2 smd rect (at 1.65 0 315) (size 0.9 1.2) (layers F.Cu F.Paste F.Mask)
      (net 30 IDLE))
    (pad 1 smd rect (at -1.65 0 315) (size 0.9 1.2) (layers F.Cu F.Paste F.Mask)
      (net 31 12v-SW))
    (model ${KISYS3DMOD}/Diode_SMD.3dshapes/D_SOD-123.wrl
      (at (xyz 0 0 0))
      (scale (xyz 1 1 1))
      (rotate (xyz 0 0 0))
    )
  )

  (module Resistor_SMD:R_0603_1608Metric_Pad0.98x0.95mm_HandSolder (layer F.Cu) (tedit 5F68FEEE) (tstamp 6082B439)
    (at 101.023546 100.855455 135)
    (descr "Resistor SMD 0603 (1608 Metric), square (rectangular) end terminal, IPC_7351 nominal with elongated pad for handsoldering. (Body size source: IPC-SM-782 page 72, https://www.pcb-3d.com/wordpress/wp-content/uploads/ipc-sm-782a_amendment_1_and_2.pdf), generated with kicad-footprint-generator")
    (tags "resistor handsolder")
    (path /5EFC1D36/609D47C7)
    (attr smd)
    (fp_text reference R26 (at 0 -1.43 135) (layer F.Fab)
      (effects (font (size 1 1) (thickness 0.15)))
    )
    (fp_text value 2.4k (at 0 1.43 135) (layer F.Fab)
      (effects (font (size 1 1) (thickness 0.15)))
    )
    (fp_line (start 1.65 0.73) (end -1.65 0.73) (layer F.CrtYd) (width 0.05))
    (fp_line (start 1.65 -0.73) (end 1.65 0.73) (layer F.CrtYd) (width 0.05))
    (fp_line (start -1.65 -0.73) (end 1.65 -0.73) (layer F.CrtYd) (width 0.05))
    (fp_line (start -1.65 0.73) (end -1.65 -0.73) (layer F.CrtYd) (width 0.05))
    (fp_line (start -0.254724 0.5225) (end 0.254724 0.5225) (layer F.SilkS) (width 0.12))
    (fp_line (start -0.254724 -0.5225) (end 0.254724 -0.5225) (layer F.SilkS) (width 0.12))
    (fp_line (start 0.8 0.4125) (end -0.8 0.4125) (layer F.Fab) (width 0.1))
    (fp_line (start 0.8 -0.4125) (end 0.8 0.4125) (layer F.Fab) (width 0.1))
    (fp_line (start -0.8 -0.4125) (end 0.8 -0.4125) (layer F.Fab) (width 0.1))
    (fp_line (start -0.8 0.4125) (end -0.8 -0.4125) (layer F.Fab) (width 0.1))
    (fp_text user %R (at 0 0 135) (layer F.Fab)
      (effects (font (size 0.4 0.4) (thickness 0.06)))
    )
    (pad 1 smd roundrect (at -0.9125 0 135) (size 0.975 0.95) (layers F.Cu F.Paste F.Mask) (roundrect_rratio 0.25)
      (net 82 "Net-(R22-Pad2)"))
    (pad 2 smd roundrect (at 0.9125 0 135) (size 0.975 0.95) (layers F.Cu F.Paste F.Mask) (roundrect_rratio 0.25)
      (net 32 "Net-(D3-Pad2)"))
    (model ${KISYS3DMOD}/Resistor_SMD.3dshapes/R_0603_1608Metric.wrl
      (at (xyz 0 0 0))
      (scale (xyz 1 1 1))
      (rotate (xyz 0 0 0))
    )
  )

  (module Resistor_SMD:R_0603_1608Metric_Pad0.98x0.95mm_HandSolder (layer F.Cu) (tedit 5F68FEEE) (tstamp 6082B409)
    (at 98.760804 103.118197 315)
    (descr "Resistor SMD 0603 (1608 Metric), square (rectangular) end terminal, IPC_7351 nominal with elongated pad for handsoldering. (Body size source: IPC-SM-782 page 72, https://www.pcb-3d.com/wordpress/wp-content/uploads/ipc-sm-782a_amendment_1_and_2.pdf), generated with kicad-footprint-generator")
    (tags "resistor handsolder")
    (path /5EFC1D36/609D47D0)
    (attr smd)
    (fp_text reference R27 (at 0 -1.43 135) (layer F.Fab)
      (effects (font (size 1 1) (thickness 0.15)))
    )
    (fp_text value 2.4k (at 0 1.43 135) (layer F.Fab)
      (effects (font (size 1 1) (thickness 0.15)))
    )
    (fp_line (start -0.8 0.4125) (end -0.8 -0.4125) (layer F.Fab) (width 0.1))
    (fp_line (start -0.8 -0.4125) (end 0.8 -0.4125) (layer F.Fab) (width 0.1))
    (fp_line (start 0.8 -0.4125) (end 0.8 0.4125) (layer F.Fab) (width 0.1))
    (fp_line (start 0.8 0.4125) (end -0.8 0.4125) (layer F.Fab) (width 0.1))
    (fp_line (start -0.254724 -0.5225) (end 0.254724 -0.5225) (layer F.SilkS) (width 0.12))
    (fp_line (start -0.254724 0.5225) (end 0.254724 0.5225) (layer F.SilkS) (width 0.12))
    (fp_line (start -1.65 0.73) (end -1.65 -0.73) (layer F.CrtYd) (width 0.05))
    (fp_line (start -1.65 -0.73) (end 1.65 -0.73) (layer F.CrtYd) (width 0.05))
    (fp_line (start 1.65 -0.73) (end 1.65 0.73) (layer F.CrtYd) (width 0.05))
    (fp_line (start 1.65 0.73) (end -1.65 0.73) (layer F.CrtYd) (width 0.05))
    (fp_text user %R (at 0 0 135) (layer F.Fab)
      (effects (font (size 0.4 0.4) (thickness 0.06)))
    )
    (pad 2 smd roundrect (at 0.9125 0 315) (size 0.975 0.95) (layers F.Cu F.Paste F.Mask) (roundrect_rratio 0.25)
      (net 83 "Net-(R23-Pad1)"))
    (pad 1 smd roundrect (at -0.9125 0 315) (size 0.975 0.95) (layers F.Cu F.Paste F.Mask) (roundrect_rratio 0.25)
      (net 33 "Net-(D4-Pad2)"))
    (model ${KISYS3DMOD}/Resistor_SMD.3dshapes/R_0603_1608Metric.wrl
      (at (xyz 0 0 0))
      (scale (xyz 1 1 1))
      (rotate (xyz 0 0 0))
    )
  )

  (module Resistor_SMD:R_0603_1608Metric_Pad0.98x0.95mm_HandSolder (layer F.Cu) (tedit 5F68FEEE) (tstamp 608269ED)
    (at 97.114465 84.23972 135)
    (descr "Resistor SMD 0603 (1608 Metric), square (rectangular) end terminal, IPC_7351 nominal with elongated pad for handsoldering. (Body size source: IPC-SM-782 page 72, https://www.pcb-3d.com/wordpress/wp-content/uploads/ipc-sm-782a_amendment_1_and_2.pdf), generated with kicad-footprint-generator")
    (tags "resistor handsolder")
    (path /5EFC1D36/5F7C3A1D)
    (attr smd)
    (fp_text reference R28 (at 0 -1.43 135) (layer F.Fab)
      (effects (font (size 1 1) (thickness 0.15)))
    )
    (fp_text value 2.4k (at 0 1.43 135) (layer F.Fab)
      (effects (font (size 1 1) (thickness 0.15)))
    )
    (fp_line (start 1.65 0.73) (end -1.65 0.73) (layer F.CrtYd) (width 0.05))
    (fp_line (start 1.65 -0.73) (end 1.65 0.73) (layer F.CrtYd) (width 0.05))
    (fp_line (start -1.65 -0.73) (end 1.65 -0.73) (layer F.CrtYd) (width 0.05))
    (fp_line (start -1.65 0.73) (end -1.65 -0.73) (layer F.CrtYd) (width 0.05))
    (fp_line (start -0.254724 0.5225) (end 0.254724 0.5225) (layer F.SilkS) (width 0.12))
    (fp_line (start -0.254724 -0.5225) (end 0.254724 -0.5225) (layer F.SilkS) (width 0.12))
    (fp_line (start 0.8 0.4125) (end -0.8 0.4125) (layer F.Fab) (width 0.1))
    (fp_line (start 0.8 -0.4125) (end 0.8 0.4125) (layer F.Fab) (width 0.1))
    (fp_line (start -0.8 -0.4125) (end 0.8 -0.4125) (layer F.Fab) (width 0.1))
    (fp_line (start -0.8 0.4125) (end -0.8 -0.4125) (layer F.Fab) (width 0.1))
    (fp_text user %R (at 0 0 135) (layer F.Fab)
      (effects (font (size 0.4 0.4) (thickness 0.06)))
    )
    (pad 1 smd roundrect (at -0.9125 0 135) (size 0.975 0.95) (layers F.Cu F.Paste F.Mask) (roundrect_rratio 0.25)
      (net 84 "Net-(R24-Pad2)"))
    (pad 2 smd roundrect (at 0.9125 0 135) (size 0.975 0.95) (layers F.Cu F.Paste F.Mask) (roundrect_rratio 0.25)
      (net 34 "Net-(D5-Pad2)"))
    (model ${KISYS3DMOD}/Resistor_SMD.3dshapes/R_0603_1608Metric.wrl
      (at (xyz 0 0 0))
      (scale (xyz 1 1 1))
      (rotate (xyz 0 0 0))
    )
  )

  (module Resistor_SMD:R_0603_1608Metric_Pad0.98x0.95mm_HandSolder (layer F.Cu) (tedit 5F68FEEE) (tstamp 60826A1D)
    (at 94.851723 86.502462 315)
    (descr "Resistor SMD 0603 (1608 Metric), square (rectangular) end terminal, IPC_7351 nominal with elongated pad for handsoldering. (Body size source: IPC-SM-782 page 72, https://www.pcb-3d.com/wordpress/wp-content/uploads/ipc-sm-782a_amendment_1_and_2.pdf), generated with kicad-footprint-generator")
    (tags "resistor handsolder")
    (path /5EFC1D36/5F7C929F)
    (attr smd)
    (fp_text reference R29 (at 0 -1.43 135) (layer F.Fab)
      (effects (font (size 1 1) (thickness 0.15)))
    )
    (fp_text value 2.4k (at 0 1.43 135) (layer F.Fab)
      (effects (font (size 1 1) (thickness 0.15)))
    )
    (fp_line (start -0.8 0.4125) (end -0.8 -0.4125) (layer F.Fab) (width 0.1))
    (fp_line (start -0.8 -0.4125) (end 0.8 -0.4125) (layer F.Fab) (width 0.1))
    (fp_line (start 0.8 -0.4125) (end 0.8 0.4125) (layer F.Fab) (width 0.1))
    (fp_line (start 0.8 0.4125) (end -0.8 0.4125) (layer F.Fab) (width 0.1))
    (fp_line (start -0.254724 -0.5225) (end 0.254724 -0.5225) (layer F.SilkS) (width 0.12))
    (fp_line (start -0.254724 0.5225) (end 0.254724 0.5225) (layer F.SilkS) (width 0.12))
    (fp_line (start -1.65 0.73) (end -1.65 -0.73) (layer F.CrtYd) (width 0.05))
    (fp_line (start -1.65 -0.73) (end 1.65 -0.73) (layer F.CrtYd) (width 0.05))
    (fp_line (start 1.65 -0.73) (end 1.65 0.73) (layer F.CrtYd) (width 0.05))
    (fp_line (start 1.65 0.73) (end -1.65 0.73) (layer F.CrtYd) (width 0.05))
    (fp_text user %R (at 0 0 135) (layer F.Fab)
      (effects (font (size 0.4 0.4) (thickness 0.06)))
    )
    (pad 2 smd roundrect (at 0.9125 0 315) (size 0.975 0.95) (layers F.Cu F.Paste F.Mask) (roundrect_rratio 0.25)
      (net 85 "Net-(R25-Pad1)"))
    (pad 1 smd roundrect (at -0.9125 0 315) (size 0.975 0.95) (layers F.Cu F.Paste F.Mask) (roundrect_rratio 0.25)
      (net 35 "Net-(D6-Pad2)"))
    (model ${KISYS3DMOD}/Resistor_SMD.3dshapes/R_0603_1608Metric.wrl
      (at (xyz 0 0 0))
      (scale (xyz 1 1 1))
      (rotate (xyz 0 0 0))
    )
  )

  (module Resistor_SMD:R_0603_1608Metric_Pad0.98x0.95mm_HandSolder (layer F.Cu) (tedit 5F68FEEE) (tstamp 6082B379)
    (at 99.892175 101.986826 315)
    (descr "Resistor SMD 0603 (1608 Metric), square (rectangular) end terminal, IPC_7351 nominal with elongated pad for handsoldering. (Body size source: IPC-SM-782 page 72, https://www.pcb-3d.com/wordpress/wp-content/uploads/ipc-sm-782a_amendment_1_and_2.pdf), generated with kicad-footprint-generator")
    (tags "resistor handsolder")
    (path /5EFC1D36/609D47D9)
    (attr smd)
    (fp_text reference R22 (at 0 -1.43 135) (layer F.Fab)
      (effects (font (size 1 1) (thickness 0.15)))
    )
    (fp_text value 10 (at 0 1.43 135) (layer F.Fab)
      (effects (font (size 1 1) (thickness 0.15)))
    )
    (fp_line (start 1.65 0.73) (end -1.65 0.73) (layer F.CrtYd) (width 0.05))
    (fp_line (start 1.65 -0.73) (end 1.65 0.73) (layer F.CrtYd) (width 0.05))
    (fp_line (start -1.65 -0.73) (end 1.65 -0.73) (layer F.CrtYd) (width 0.05))
    (fp_line (start -1.65 0.73) (end -1.65 -0.73) (layer F.CrtYd) (width 0.05))
    (fp_line (start -0.254724 0.5225) (end 0.254724 0.5225) (layer F.SilkS) (width 0.12))
    (fp_line (start -0.254724 -0.5225) (end 0.254724 -0.5225) (layer F.SilkS) (width 0.12))
    (fp_line (start 0.8 0.4125) (end -0.8 0.4125) (layer F.Fab) (width 0.1))
    (fp_line (start 0.8 -0.4125) (end 0.8 0.4125) (layer F.Fab) (width 0.1))
    (fp_line (start -0.8 -0.4125) (end 0.8 -0.4125) (layer F.Fab) (width 0.1))
    (fp_line (start -0.8 0.4125) (end -0.8 -0.4125) (layer F.Fab) (width 0.1))
    (fp_text user %R (at 0 0 135) (layer F.Fab)
      (effects (font (size 0.4 0.4) (thickness 0.06)))
    )
    (pad 1 smd roundrect (at -0.9125 0 315) (size 0.975 0.95) (layers F.Cu F.Paste F.Mask) (roundrect_rratio 0.25)
      (net 52 IGN-3))
    (pad 2 smd roundrect (at 0.9125 0 315) (size 0.975 0.95) (layers F.Cu F.Paste F.Mask) (roundrect_rratio 0.25)
      (net 82 "Net-(R22-Pad2)"))
    (model ${KISYS3DMOD}/Resistor_SMD.3dshapes/R_0603_1608Metric.wrl
      (at (xyz 0 0 0))
      (scale (xyz 1 1 1))
      (rotate (xyz 0 0 0))
    )
  )

  (module Resistor_SMD:R_0603_1608Metric_Pad0.98x0.95mm_HandSolder (layer F.Cu) (tedit 5F68FEEE) (tstamp 6082B349)
    (at 97.629433 104.249568 135)
    (descr "Resistor SMD 0603 (1608 Metric), square (rectangular) end terminal, IPC_7351 nominal with elongated pad for handsoldering. (Body size source: IPC-SM-782 page 72, https://www.pcb-3d.com/wordpress/wp-content/uploads/ipc-sm-782a_amendment_1_and_2.pdf), generated with kicad-footprint-generator")
    (tags "resistor handsolder")
    (path /5EFC1D36/609D47AC)
    (attr smd)
    (fp_text reference R23 (at 0 -1.43 135) (layer F.Fab)
      (effects (font (size 1 1) (thickness 0.15)))
    )
    (fp_text value 10 (at 0 1.43 135) (layer F.Fab)
      (effects (font (size 1 1) (thickness 0.15)))
    )
    (fp_line (start -0.8 0.4125) (end -0.8 -0.4125) (layer F.Fab) (width 0.1))
    (fp_line (start -0.8 -0.4125) (end 0.8 -0.4125) (layer F.Fab) (width 0.1))
    (fp_line (start 0.8 -0.4125) (end 0.8 0.4125) (layer F.Fab) (width 0.1))
    (fp_line (start 0.8 0.4125) (end -0.8 0.4125) (layer F.Fab) (width 0.1))
    (fp_line (start -0.254724 -0.5225) (end 0.254724 -0.5225) (layer F.SilkS) (width 0.12))
    (fp_line (start -0.254724 0.5225) (end 0.254724 0.5225) (layer F.SilkS) (width 0.12))
    (fp_line (start -1.65 0.73) (end -1.65 -0.73) (layer F.CrtYd) (width 0.05))
    (fp_line (start -1.65 -0.73) (end 1.65 -0.73) (layer F.CrtYd) (width 0.05))
    (fp_line (start 1.65 -0.73) (end 1.65 0.73) (layer F.CrtYd) (width 0.05))
    (fp_line (start 1.65 0.73) (end -1.65 0.73) (layer F.CrtYd) (width 0.05))
    (fp_text user %R (at 0 0 135) (layer F.Fab)
      (effects (font (size 0.4 0.4) (thickness 0.06)))
    )
    (pad 2 smd roundrect (at 0.9125 0 135) (size 0.975 0.95) (layers F.Cu F.Paste F.Mask) (roundrect_rratio 0.25)
      (net 55 IGN-4))
    (pad 1 smd roundrect (at -0.9125 0 135) (size 0.975 0.95) (layers F.Cu F.Paste F.Mask) (roundrect_rratio 0.25)
      (net 83 "Net-(R23-Pad1)"))
    (model ${KISYS3DMOD}/Resistor_SMD.3dshapes/R_0603_1608Metric.wrl
      (at (xyz 0 0 0))
      (scale (xyz 1 1 1))
      (rotate (xyz 0 0 0))
    )
  )

  (module Resistor_SMD:R_0603_1608Metric_Pad0.98x0.95mm_HandSolder (layer F.Cu) (tedit 5F68FEEE) (tstamp 6082690C)
    (at 98.245836 83.108349 315)
    (descr "Resistor SMD 0603 (1608 Metric), square (rectangular) end terminal, IPC_7351 nominal with elongated pad for handsoldering. (Body size source: IPC-SM-782 page 72, https://www.pcb-3d.com/wordpress/wp-content/uploads/ipc-sm-782a_amendment_1_and_2.pdf), generated with kicad-footprint-generator")
    (tags "resistor handsolder")
    (path /5EFC1D36/5F7D5520)
    (attr smd)
    (fp_text reference R24 (at 0 -1.43 135) (layer F.Fab)
      (effects (font (size 1 1) (thickness 0.15)))
    )
    (fp_text value 10 (at 0 1.43 135) (layer F.Fab)
      (effects (font (size 1 1) (thickness 0.15)))
    )
    (fp_line (start 1.65 0.73) (end -1.65 0.73) (layer F.CrtYd) (width 0.05))
    (fp_line (start 1.65 -0.73) (end 1.65 0.73) (layer F.CrtYd) (width 0.05))
    (fp_line (start -1.65 -0.73) (end 1.65 -0.73) (layer F.CrtYd) (width 0.05))
    (fp_line (start -1.65 0.73) (end -1.65 -0.73) (layer F.CrtYd) (width 0.05))
    (fp_line (start -0.254724 0.5225) (end 0.254724 0.5225) (layer F.SilkS) (width 0.12))
    (fp_line (start -0.254724 -0.5225) (end 0.254724 -0.5225) (layer F.SilkS) (width 0.12))
    (fp_line (start 0.8 0.4125) (end -0.8 0.4125) (layer F.Fab) (width 0.1))
    (fp_line (start 0.8 -0.4125) (end 0.8 0.4125) (layer F.Fab) (width 0.1))
    (fp_line (start -0.8 -0.4125) (end 0.8 -0.4125) (layer F.Fab) (width 0.1))
    (fp_line (start -0.8 0.4125) (end -0.8 -0.4125) (layer F.Fab) (width 0.1))
    (fp_text user %R (at 0 0 135) (layer F.Fab)
      (effects (font (size 0.4 0.4) (thickness 0.06)))
    )
    (pad 1 smd roundrect (at -0.9125 0 315) (size 0.975 0.95) (layers F.Cu F.Paste F.Mask) (roundrect_rratio 0.25)
      (net 54 IGN-1))
    (pad 2 smd roundrect (at 0.9125 0 315) (size 0.975 0.95) (layers F.Cu F.Paste F.Mask) (roundrect_rratio 0.25)
      (net 84 "Net-(R24-Pad2)"))
    (model ${KISYS3DMOD}/Resistor_SMD.3dshapes/R_0603_1608Metric.wrl
      (at (xyz 0 0 0))
      (scale (xyz 1 1 1))
      (rotate (xyz 0 0 0))
    )
  )

  (module Resistor_SMD:R_0603_1608Metric_Pad0.98x0.95mm_HandSolder (layer F.Cu) (tedit 5F68FEEE) (tstamp 60826942)
    (at 95.983094 85.371091 135)
    (descr "Resistor SMD 0603 (1608 Metric), square (rectangular) end terminal, IPC_7351 nominal with elongated pad for handsoldering. (Body size source: IPC-SM-782 page 72, https://www.pcb-3d.com/wordpress/wp-content/uploads/ipc-sm-782a_amendment_1_and_2.pdf), generated with kicad-footprint-generator")
    (tags "resistor handsolder")
    (path /5EFC1D36/5EFCE4D6)
    (attr smd)
    (fp_text reference R25 (at 0 -1.43 135) (layer F.Fab)
      (effects (font (size 1 1) (thickness 0.15)))
    )
    (fp_text value 10 (at 0 1.43 135) (layer F.Fab)
      (effects (font (size 1 1) (thickness 0.15)))
    )
    (fp_line (start -0.8 0.4125) (end -0.8 -0.4125) (layer F.Fab) (width 0.1))
    (fp_line (start -0.8 -0.4125) (end 0.8 -0.4125) (layer F.Fab) (width 0.1))
    (fp_line (start 0.8 -0.4125) (end 0.8 0.4125) (layer F.Fab) (width 0.1))
    (fp_line (start 0.8 0.4125) (end -0.8 0.4125) (layer F.Fab) (width 0.1))
    (fp_line (start -0.254724 -0.5225) (end 0.254724 -0.5225) (layer F.SilkS) (width 0.12))
    (fp_line (start -0.254724 0.5225) (end 0.254724 0.5225) (layer F.SilkS) (width 0.12))
    (fp_line (start -1.65 0.73) (end -1.65 -0.73) (layer F.CrtYd) (width 0.05))
    (fp_line (start -1.65 -0.73) (end 1.65 -0.73) (layer F.CrtYd) (width 0.05))
    (fp_line (start 1.65 -0.73) (end 1.65 0.73) (layer F.CrtYd) (width 0.05))
    (fp_line (start 1.65 0.73) (end -1.65 0.73) (layer F.CrtYd) (width 0.05))
    (fp_text user %R (at 0 0 135) (layer F.Fab)
      (effects (font (size 0.4 0.4) (thickness 0.06)))
    )
    (pad 2 smd roundrect (at 0.9125 0 135) (size 0.975 0.95) (layers F.Cu F.Paste F.Mask) (roundrect_rratio 0.25)
      (net 53 IGN-2))
    (pad 1 smd roundrect (at -0.9125 0 135) (size 0.975 0.95) (layers F.Cu F.Paste F.Mask) (roundrect_rratio 0.25)
      (net 85 "Net-(R25-Pad1)"))
    (model ${KISYS3DMOD}/Resistor_SMD.3dshapes/R_0603_1608Metric.wrl
      (at (xyz 0 0 0))
      (scale (xyz 1 1 1))
      (rotate (xyz 0 0 0))
    )
  )

  (module Resistor_SMD:R_0603_1608Metric_Pad0.98x0.95mm_HandSolder (layer F.Cu) (tedit 5F68FEEE) (tstamp 6082B2B9)
    (at 95.366692 106.512309 135)
    (descr "Resistor SMD 0603 (1608 Metric), square (rectangular) end terminal, IPC_7351 nominal with elongated pad for handsoldering. (Body size source: IPC-SM-782 page 72, https://www.pcb-3d.com/wordpress/wp-content/uploads/ipc-sm-782a_amendment_1_and_2.pdf), generated with kicad-footprint-generator")
    (tags "resistor handsolder")
    (path /5EFC1D36/5EFAA22C)
    (attr smd)
    (fp_text reference R14 (at 0 -1.43 135) (layer F.Fab)
      (effects (font (size 1 1) (thickness 0.15)))
    )
    (fp_text value 1k (at 0 1.43 135) (layer F.Fab)
      (effects (font (size 1 1) (thickness 0.15)))
    )
    (fp_line (start -0.8 0.4125) (end -0.8 -0.4125) (layer F.Fab) (width 0.1))
    (fp_line (start -0.8 -0.4125) (end 0.8 -0.4125) (layer F.Fab) (width 0.1))
    (fp_line (start 0.8 -0.4125) (end 0.8 0.4125) (layer F.Fab) (width 0.1))
    (fp_line (start 0.8 0.4125) (end -0.8 0.4125) (layer F.Fab) (width 0.1))
    (fp_line (start -0.254724 -0.5225) (end 0.254724 -0.5225) (layer F.SilkS) (width 0.12))
    (fp_line (start -0.254724 0.5225) (end 0.254724 0.5225) (layer F.SilkS) (width 0.12))
    (fp_line (start -1.65 0.73) (end -1.65 -0.73) (layer F.CrtYd) (width 0.05))
    (fp_line (start -1.65 -0.73) (end 1.65 -0.73) (layer F.CrtYd) (width 0.05))
    (fp_line (start 1.65 -0.73) (end 1.65 0.73) (layer F.CrtYd) (width 0.05))
    (fp_line (start 1.65 0.73) (end -1.65 0.73) (layer F.CrtYd) (width 0.05))
    (fp_text user %R (at 0 0 135) (layer F.Fab)
      (effects (font (size 0.4 0.4) (thickness 0.06)))
    )
    (pad 2 smd roundrect (at 0.9125 0 135) (size 0.975 0.95) (layers F.Cu F.Paste F.Mask) (roundrect_rratio 0.25)
      (net 74 /Ignitors/MCU-IGN-3))
    (pad 1 smd roundrect (at -0.9125 0 135) (size 0.975 0.95) (layers F.Cu F.Paste F.Mask) (roundrect_rratio 0.25)
      (net 75 "Net-(R14-Pad1)"))
    (model ${KISYS3DMOD}/Resistor_SMD.3dshapes/R_0603_1608Metric.wrl
      (at (xyz 0 0 0))
      (scale (xyz 1 1 1))
      (rotate (xyz 0 0 0))
    )
  )

  (module Resistor_SMD:R_0603_1608Metric_Pad0.98x0.95mm_HandSolder (layer F.Cu) (tedit 5F68FEEE) (tstamp 6082B289)
    (at 93.10395 108.775051 135)
    (descr "Resistor SMD 0603 (1608 Metric), square (rectangular) end terminal, IPC_7351 nominal with elongated pad for handsoldering. (Body size source: IPC-SM-782 page 72, https://www.pcb-3d.com/wordpress/wp-content/uploads/ipc-sm-782a_amendment_1_and_2.pdf), generated with kicad-footprint-generator")
    (tags "resistor handsolder")
    (path /5EFC1D36/5EFAA235)
    (attr smd)
    (fp_text reference R15 (at 0 -1.43 135) (layer F.Fab)
      (effects (font (size 1 1) (thickness 0.15)))
    )
    (fp_text value 1k (at 0 1.43 135) (layer F.Fab)
      (effects (font (size 1 1) (thickness 0.15)))
    )
    (fp_line (start 1.65 0.73) (end -1.65 0.73) (layer F.CrtYd) (width 0.05))
    (fp_line (start 1.65 -0.73) (end 1.65 0.73) (layer F.CrtYd) (width 0.05))
    (fp_line (start -1.65 -0.73) (end 1.65 -0.73) (layer F.CrtYd) (width 0.05))
    (fp_line (start -1.65 0.73) (end -1.65 -0.73) (layer F.CrtYd) (width 0.05))
    (fp_line (start -0.254724 0.5225) (end 0.254724 0.5225) (layer F.SilkS) (width 0.12))
    (fp_line (start -0.254724 -0.5225) (end 0.254724 -0.5225) (layer F.SilkS) (width 0.12))
    (fp_line (start 0.8 0.4125) (end -0.8 0.4125) (layer F.Fab) (width 0.1))
    (fp_line (start 0.8 -0.4125) (end 0.8 0.4125) (layer F.Fab) (width 0.1))
    (fp_line (start -0.8 -0.4125) (end 0.8 -0.4125) (layer F.Fab) (width 0.1))
    (fp_line (start -0.8 0.4125) (end -0.8 -0.4125) (layer F.Fab) (width 0.1))
    (fp_text user %R (at 0 0 135) (layer F.Fab)
      (effects (font (size 0.4 0.4) (thickness 0.06)))
    )
    (pad 1 smd roundrect (at -0.9125 0 135) (size 0.975 0.95) (layers F.Cu F.Paste F.Mask) (roundrect_rratio 0.25)
      (net 76 "Net-(R15-Pad1)"))
    (pad 2 smd roundrect (at 0.9125 0 135) (size 0.975 0.95) (layers F.Cu F.Paste F.Mask) (roundrect_rratio 0.25)
      (net 77 /Ignitors/MCU-IGN-4))
    (model ${KISYS3DMOD}/Resistor_SMD.3dshapes/R_0603_1608Metric.wrl
      (at (xyz 0 0 0))
      (scale (xyz 1 1 1))
      (rotate (xyz 0 0 0))
    )
  )

  (module Resistor_SMD:R_0603_1608Metric_Pad0.98x0.95mm_HandSolder (layer F.Cu) (tedit 5F68FEEE) (tstamp 608268AC)
    (at 92.588981 88.765203 135)
    (descr "Resistor SMD 0603 (1608 Metric), square (rectangular) end terminal, IPC_7351 nominal with elongated pad for handsoldering. (Body size source: IPC-SM-782 page 72, https://www.pcb-3d.com/wordpress/wp-content/uploads/ipc-sm-782a_amendment_1_and_2.pdf), generated with kicad-footprint-generator")
    (tags "resistor handsolder")
    (path /5EFC1D36/5F7CD650)
    (attr smd)
    (fp_text reference R16 (at 0 -1.43 135) (layer F.Fab)
      (effects (font (size 1 1) (thickness 0.15)))
    )
    (fp_text value 1k (at 0 1.43 135) (layer F.Fab)
