(kicad_pcb (version 20171130) (host pcbnew 5.1.10)

  (general
    (thickness 1.6)
    (drawings 32)
    (tracks 2287)
    (zones 0)
    (modules 243)
    (nets 150)
  )

  (page A4)
  (layers
    (0 F.Cu signal)
    (1 In1.Cu power)
    (2 In2.Cu power)
    (31 B.Cu signal)
    (32 B.Adhes user)
    (33 F.Adhes user)
    (34 B.Paste user)
    (35 F.Paste user)
    (36 B.SilkS user)
    (37 F.SilkS user)
    (38 B.Mask user)
    (39 F.Mask user)
    (40 Dwgs.User user)
    (41 Cmts.User user hide)
    (42 Eco1.User user)
    (43 Eco2.User user)
    (44 Edge.Cuts user)
    (45 Margin user)
    (46 B.CrtYd user)
    (47 F.CrtYd user)
    (48 B.Fab user)
    (49 F.Fab user hide)
  )

  (setup
    (last_trace_width 0.25)
    (user_trace_width 0.5)
    (user_trace_width 1)
    (user_trace_width 2)
    (user_trace_width 2.5)
    (trace_clearance 0.2)
    (zone_clearance 0.508)
    (zone_45_only no)
    (trace_min 0.2)
    (via_size 0.8)
    (via_drill 0.4)
    (via_min_size 0.4)
    (via_min_drill 0.3)
    (uvia_size 0.3)
    (uvia_drill 0.1)
    (uvias_allowed no)
    (uvia_min_size 0.2)
    (uvia_min_drill 0.1)
    (edge_width 0.05)
    (segment_width 0.2)
    (pcb_text_width 0.3)
    (pcb_text_size 1.5 1.5)
    (mod_edge_width 0.12)
    (mod_text_size 1 1)
    (mod_text_width 0.15)
    (pad_size 1.7 1.7)
    (pad_drill 1)
    (pad_to_mask_clearance 0.05)
    (aux_axis_origin 0 0)
    (visible_elements FFFFFF7F)
    (pcbplotparams
      (layerselection 0x010fc_ffffffff)
      (usegerberextensions false)
      (usegerberattributes true)
      (usegerberadvancedattributes true)
      (creategerberjobfile true)
      (excludeedgelayer true)
      (linewidth 0.100000)
      (plotframeref false)
      (viasonmask false)
      (mode 1)
      (useauxorigin false)
      (hpglpennumber 1)
      (hpglpenspeed 20)
      (hpglpendiameter 15.000000)
      (psnegative false)
      (psa4output false)
      (plotreference true)
      (plotvalue true)
      (plotinvisibletext false)
      (padsonsilk false)
      (subtractmaskfromsilk false)
      (outputformat 1)
      (mirror false)
      (drillshape 1)
      (scaleselection 1)
      (outputdirectory ""))
  )

  (net 0 "")
  (net 1 IAT)
  (net 2 GND)
  (net 3 "Net-(C2-Pad1)")
  (net 4 ADC-CLAMP-1)
  (net 5 ADC-CLAMP-5)
  (net 6 VPROT)
  (net 7 CLT)
  (net 8 ADC-CLAMP-2)
  (net 9 ADC-CLAMP-6)
  (net 10 TPS)
  (net 11 ADC-CLAMP-3)
  (net 12 ADC-CLAMP-9)
  (net 13 O2)
  (net 14 ADC-CLAMP-4)
  (net 15 BUCK_IN)
  (net 16 "Net-(C18-Pad2)")
  (net 17 "Net-(C18-Pad1)")
  (net 18 "Net-(C19-Pad2)")
  (net 19 "Net-(C19-Pad1)")
  (net 20 +3V3)
  (net 21 HSE_OUT)
  (net 22 "Net-(C26-Pad1)")
  (net 23 "Net-(C27-Pad1)")
  (net 24 "Net-(C28-Pad1)")
  (net 25 +3.3VA)
  (net 26 VBAT)
  (net 27 IDLE)
  (net 28 12v-SW)
  (net 29 "Net-(D3-Pad2)")
  (net 30 "Net-(D4-Pad2)")
  (net 31 "Net-(D5-Pad2)")
  (net 32 "Net-(D6-Pad2)")
  (net 33 /Sensors/MCU-CLUTCH)
  (net 34 "Net-(D9-Pad1)")
  (net 35 USB_CONN_VBUS)
  (net 36 "Net-(D12-Pad1)")
  (net 37 "Net-(D12-Pad2)")
  (net 38 "Net-(D13-Pad1)")
  (net 39 "Net-(D13-Pad2)")
  (net 40 "Net-(D14-Pad2)")
  (net 41 "Net-(D14-Pad1)")
  (net 42 "Net-(D15-Pad1)")
  (net 43 "Net-(D15-Pad2)")
  (net 44 INJ-1)
  (net 45 INJ-2)
  (net 46 INJ-3)
  (net 47 INJ-4)
  (net 48 "Net-(F1-Pad1)")
  (net 49 IGN-3)
  (net 50 IGN-2)
  (net 51 IGN-1)
  (net 52 IGN-4)
  (net 53 BOOST)
  (net 54 TACH)
  (net 55 CAM)
  (net 56 CLUTCH)
  (net 57 CRANK)
  (net 58 FP)
  (net 59 FAN)
  (net 60 SWDIO)
  (net 61 SWCLK)
  (net 62 SWO)
  (net 63 NRST)
  (net 64 /IDLE+BOOST/MCU-IDLE)
  (net 65 "Net-(R5-Pad1)")
  (net 66 /IDLE+BOOST/MCU-BOOST)
  (net 67 "Net-(R6-Pad1)")
  (net 68 /FAN+TACH/MCU-FAN)
  (net 69 /FAN+TACH/MCU-TACH)
  (net 70 /Ignitors/MCU-IGN-3)
  (net 71 "Net-(R14-Pad1)")
  (net 72 "Net-(R15-Pad1)")
  (net 73 /Ignitors/MCU-IGN-4)
  (net 74 "Net-(R16-Pad1)")
  (net 75 /Ignitors/MCU-IGN-1)
  (net 76 "Net-(R17-Pad1)")
  (net 77 /Ignitors/MCU-IGN-2)
  (net 78 "Net-(R22-Pad2)")
  (net 79 "Net-(R23-Pad1)")
  (net 80 "Net-(R24-Pad2)")
  (net 81 "Net-(R25-Pad1)")
  (net 82 BUCK_EN)
  (net 83 USB_CONN_D-)
  (net 84 USB_CONN_D+)
  (net 85 "Net-(R52-Pad1)")
  (net 86 "Net-(R53-Pad1)")
  (net 87 "Net-(R55-Pad1)")
  (net 88 "Net-(R56-Pad1)")
  (net 89 HSE_IN)
  (net 90 "Net-(R60-Pad1)")
  (net 91 /Injectors/MCU-INJ-1)
  (net 92 "Net-(R62-Pad1)")
  (net 93 "Net-(R63-Pad1)")
  (net 94 /Injectors/MCU-INJ-2)
  (net 95 /Injectors/MCU-INJ-3)
  (net 96 "Net-(R66-Pad1)")
  (net 97 /Injectors/MCU-INJ-4)
  (net 98 "Net-(R67-Pad1)")
  (net 99 USB_D+)
  (net 100 USB_D-)
  (net 101 MCU-CAN-RX)
  (net 102 MCU-CAN-TX)
  (net 103 UART7_RX)
  (net 104 UART7_TX)
  (net 105 USB_CONN_SHIELD)
  (net 106 "Net-(C47-Pad2)")
  (net 107 "Net-(C52-Pad1)")
  (net 108 SDIO_VDD)
  (net 109 /Sensors/MCU-AC)
  (net 110 SDIO_D0)
  (net 111 "Net-(D23-Pad2)")
  (net 112 "Net-(D24-Pad2)")
  (net 113 SDIO_D1)
  (net 114 SDIO_D2)
  (net 115 SDIO_D3)
  (net 116 SDIO_CMD)
  (net 117 SDIO_CK)
  (net 118 /FAN+TACH/MCU-FP)
  (net 119 I2C1_SDA)
  (net 120 I2C1_SDL)
  (net 121 /mcu/MCU-VVT)
  (net 122 "Net-(R81-Pad1)")
  (net 123 "Net-(R82-Pad1)")
  (net 124 /mcu/MCU-PWM1)
  (net 125 /mcu/MCU-PWM2)
  (net 126 "Net-(R83-Pad1)")
  (net 127 "Net-(R84-Pad1)")
  (net 128 /mcu/MCU-PWM3)
  (net 129 ADC-CLAMP-7)
  (net 130 ADC-CLAMP-11)
  (net 131 ADC-CLAMP-12)
  (net 132 ADC-CLAMP-13)
  (net 133 ADC-CLAMP-14)
  (net 134 LSE_OUT)
  (net 135 LSE_IN)
  (net 136 ADC-CLAMP-10)
  (net 137 A3)
  (net 138 A4)
  (net 139 A1)
  (net 140 A2)
  (net 141 VVT)
  (net 142 HC1)
  (net 143 HC2)
  (net 144 HC3)
  (net 145 AC)
  (net 146 "Net-(J6-Pad11)")
  (net 147 VREG)
  (net 148 CAN-)
  (net 149 CAN+)

  (net_class Default "This is the default net class."
    (clearance 0.2)
    (trace_width 0.25)
    (via_dia 0.8)
    (via_drill 0.4)
    (uvia_dia 0.3)
    (uvia_drill 0.1)
    (add_net +3.3VA)
    (add_net +3V3)
    (add_net /FAN+TACH/MCU-FAN)
    (add_net /FAN+TACH/MCU-FP)
    (add_net /FAN+TACH/MCU-TACH)
    (add_net /IDLE+BOOST/MCU-BOOST)
    (add_net /IDLE+BOOST/MCU-IDLE)
    (add_net /Ignitors/MCU-IGN-1)
    (add_net /Ignitors/MCU-IGN-2)
    (add_net /Ignitors/MCU-IGN-3)
    (add_net /Ignitors/MCU-IGN-4)
    (add_net /Injectors/MCU-INJ-1)
    (add_net /Injectors/MCU-INJ-2)
    (add_net /Injectors/MCU-INJ-3)
    (add_net /Injectors/MCU-INJ-4)
    (add_net /Sensors/MCU-AC)
    (add_net /Sensors/MCU-CLUTCH)
    (add_net /mcu/MCU-PWM1)
    (add_net /mcu/MCU-PWM2)
    (add_net /mcu/MCU-PWM3)
    (add_net /mcu/MCU-VVT)
    (add_net 12v-SW)
    (add_net A1)
    (add_net A2)
    (add_net A3)
    (add_net A4)
    (add_net AC)
    (add_net ADC-CLAMP-1)
    (add_net ADC-CLAMP-10)
    (add_net ADC-CLAMP-11)
    (add_net ADC-CLAMP-12)
    (add_net ADC-CLAMP-13)
    (add_net ADC-CLAMP-14)
    (add_net ADC-CLAMP-2)
    (add_net ADC-CLAMP-3)
    (add_net ADC-CLAMP-4)
    (add_net ADC-CLAMP-5)
    (add_net ADC-CLAMP-6)
    (add_net ADC-CLAMP-7)
    (add_net ADC-CLAMP-9)
    (add_net BOOST)
    (add_net BUCK_EN)
    (add_net BUCK_IN)
    (add_net CAM)
    (add_net CAN+)
    (add_net CAN-)
    (add_net CLT)
    (add_net CLUTCH)
    (add_net CRANK)
    (add_net FAN)
    (add_net FP)
    (add_net GND)
    (add_net HC1)
    (add_net HC2)
    (add_net HC3)
    (add_net HSE_IN)
    (add_net HSE_OUT)
    (add_net I2C1_SDA)
    (add_net I2C1_SDL)
    (add_net IAT)
    (add_net IDLE)
    (add_net IGN-1)
    (add_net IGN-2)
    (add_net IGN-3)
    (add_net IGN-4)
    (add_net INJ-1)
    (add_net INJ-2)
    (add_net INJ-3)
    (add_net INJ-4)
    (add_net LSE_IN)
    (add_net LSE_OUT)
    (add_net MCU-CAN-RX)
    (add_net MCU-CAN-TX)
    (add_net NRST)
    (add_net "Net-(C18-Pad1)")
    (add_net "Net-(C18-Pad2)")
    (add_net "Net-(C19-Pad1)")
    (add_net "Net-(C19-Pad2)")
    (add_net "Net-(C2-Pad1)")
    (add_net "Net-(C26-Pad1)")
    (add_net "Net-(C27-Pad1)")
    (add_net "Net-(C28-Pad1)")
    (add_net "Net-(C47-Pad2)")
    (add_net "Net-(C52-Pad1)")
    (add_net "Net-(D12-Pad1)")
    (add_net "Net-(D12-Pad2)")
    (add_net "Net-(D13-Pad1)")
    (add_net "Net-(D13-Pad2)")
    (add_net "Net-(D14-Pad1)")
    (add_net "Net-(D14-Pad2)")
    (add_net "Net-(D15-Pad1)")
    (add_net "Net-(D15-Pad2)")
    (add_net "Net-(D23-Pad2)")
    (add_net "Net-(D24-Pad2)")
    (add_net "Net-(D3-Pad2)")
    (add_net "Net-(D4-Pad2)")
    (add_net "Net-(D5-Pad2)")
    (add_net "Net-(D6-Pad2)")
    (add_net "Net-(D9-Pad1)")
    (add_net "Net-(F1-Pad1)")
    (add_net "Net-(J6-Pad11)")
    (add_net "Net-(R14-Pad1)")
    (add_net "Net-(R15-Pad1)")
    (add_net "Net-(R16-Pad1)")
    (add_net "Net-(R17-Pad1)")
    (add_net "Net-(R22-Pad2)")
    (add_net "Net-(R23-Pad1)")
    (add_net "Net-(R24-Pad2)")
    (add_net "Net-(R25-Pad1)")
    (add_net "Net-(R5-Pad1)")
    (add_net "Net-(R52-Pad1)")
    (add_net "Net-(R53-Pad1)")
    (add_net "Net-(R55-Pad1)")
    (add_net "Net-(R56-Pad1)")
    (add_net "Net-(R6-Pad1)")
    (add_net "Net-(R60-Pad1)")
    (add_net "Net-(R62-Pad1)")
    (add_net "Net-(R63-Pad1)")
    (add_net "Net-(R66-Pad1)")
    (add_net "Net-(R67-Pad1)")
    (add_net "Net-(R81-Pad1)")
    (add_net "Net-(R82-Pad1)")
    (add_net "Net-(R83-Pad1)")
    (add_net "Net-(R84-Pad1)")
    (add_net O2)
    (add_net SDIO_CK)
    (add_net SDIO_CMD)
    (add_net SDIO_D0)
    (add_net SDIO_D1)
    (add_net SDIO_D2)
    (add_net SDIO_D3)
    (add_net SDIO_VDD)
    (add_net SWCLK)
    (add_net SWDIO)
    (add_net SWO)
    (add_net TACH)
    (add_net TPS)
    (add_net UART7_RX)
    (add_net UART7_TX)
    (add_net USB_CONN_D+)
    (add_net USB_CONN_D-)
    (add_net USB_CONN_SHIELD)
    (add_net USB_CONN_VBUS)
    (add_net USB_D+)
    (add_net USB_D-)
    (add_net VBAT)
    (add_net VPROT)
    (add_net VREG)
    (add_net VVT)
  )

  (module Capacitor_SMD:C_0402_1005Metric_Pad0.74x0.62mm_HandSolder (layer F.Cu) (tedit 5F6BB22C) (tstamp 60844F17)
    (at 71.6 67.7 135)
    (descr "Capacitor SMD 0402 (1005 Metric), square (rectangular) end terminal, IPC_7351 nominal with elongated pad for handsoldering. (Body size source: IPC-SM-782 page 76, https://www.pcb-3d.com/wordpress/wp-content/uploads/ipc-sm-782a_amendment_1_and_2.pdf), generated with kicad-footprint-generator")
    (tags "capacitor handsolder")
    (path /608F155A/607FFAA9)
    (attr smd)
    (fp_text reference C34 (at 0 -1.16 135) (layer F.Fab)
      (effects (font (size 1 1) (thickness 0.15)))
    )
    (fp_text value 100n (at 0 1.16 135) (layer F.Fab)
      (effects (font (size 1 1) (thickness 0.15)))
    )
    (fp_line (start -0.5 0.25) (end -0.5 -0.25) (layer F.Fab) (width 0.1))
    (fp_line (start -0.5 -0.25) (end 0.5 -0.25) (layer F.Fab) (width 0.1))
    (fp_line (start 0.5 -0.25) (end 0.5 0.25) (layer F.Fab) (width 0.1))
    (fp_line (start 0.5 0.25) (end -0.5 0.25) (layer F.Fab) (width 0.1))
    (fp_line (start -0.115835 -0.36) (end 0.115835 -0.36) (layer F.SilkS) (width 0.12))
    (fp_line (start -0.115835 0.36) (end 0.115835 0.36) (layer F.SilkS) (width 0.12))
    (fp_line (start -1.08 0.46) (end -1.08 -0.46) (layer F.CrtYd) (width 0.05))
    (fp_line (start -1.08 -0.46) (end 1.08 -0.46) (layer F.CrtYd) (width 0.05))
    (fp_line (start 1.08 -0.46) (end 1.08 0.46) (layer F.CrtYd) (width 0.05))
    (fp_line (start 1.08 0.46) (end -1.08 0.46) (layer F.CrtYd) (width 0.05))
    (fp_text user %R (at 0 0 135) (layer F.Fab)
      (effects (font (size 0.25 0.25) (thickness 0.04)))
    )
    (pad 1 smd roundrect (at -0.5675 0 135) (size 0.735 0.62) (layers F.Cu F.Paste F.Mask) (roundrect_rratio 0.25)
      (net 20 +3V3))
    (pad 2 smd roundrect (at 0.5675 0 135) (size 0.735 0.62) (layers F.Cu F.Paste F.Mask) (roundrect_rratio 0.25)
      (net 2 GND))
    (model ${KISYS3DMOD}/Capacitor_SMD.3dshapes/C_0402_1005Metric.wrl
      (at (xyz 0 0 0))
      (scale (xyz 1 1 1))
      (rotate (xyz 0 0 0))
    )
  )

  (module speeduino_connector_automotive:Delphi_Sicma_24_Grey (layer F.Cu) (tedit 5C9C23EC) (tstamp 608DD166)
    (at 55.7 139.85)
    (path /60B1ECF8)
    (fp_text reference J2 (at 5.525 -17) (layer F.Fab)
      (effects (font (size 1 1) (thickness 0.15)))
    )
    (fp_text value CONN_GREY (at 5.525 -18) (layer F.Fab)
      (effects (font (size 1 1) (thickness 0.15)))
    )
    (fp_line (start 15 0) (end -21.4 0) (layer Eco1.User) (width 0.12))
    (fp_line (start -21.4 -7.1) (end -19.2 -7.1) (layer Eco1.User) (width 0.12))
    (fp_line (start -19.2 -7.1) (end -19.2 -10.6) (layer Eco1.User) (width 0.12))
    (fp_line (start -19.2 -10.6) (end -21.4 -10.6) (layer Eco1.User) (width 0.12))
    (fp_line (start -21.4 -10.6) (end -21.4 -7.1) (layer Eco1.User) (width 0.12))
    (fp_line (start 19.2 -7.1) (end 21.4 -7.1) (layer Eco1.User) (width 0.12))
    (fp_line (start 21.4 -7.1) (end 21.4 -12.1) (layer Eco1.User) (width 0.12))
    (fp_line (start 21.4 -12.1) (end 19.2 -12.1) (layer Eco1.User) (width 0.12))
    (fp_line (start 19.2 -12.1) (end 19.2 -7.1) (layer Eco1.User) (width 0.12))
    (fp_line (start 15 0) (end 15 -2.2) (layer Eco1.User) (width 0.12))
    (fp_line (start 15 -2.2) (end 17 -2.2) (layer Eco1.User) (width 0.12))
    (fp_line (start 17 -2.2) (end 17 0) (layer Eco1.User) (width 0.12))
    (fp_line (start 21.4 0) (end 17 0) (layer Eco1.User) (width 0.12))
    (fp_text user "TRACE OVER ECO1.USER WITH EDGE CUTS" (at 0 -3.3) (layer Cmts.User)
      (effects (font (size 1 1) (thickness 0.15)))
    )
    (pad C7 thru_hole circle (at -8.325 -7.5) (size 2 2) (drill 1.3) (layers *.Cu *.Mask)
      (net 149 CAN+))
    (pad C6 thru_hole circle (at -4.995 -7.5) (size 2 2) (drill 1.3) (layers *.Cu *.Mask)
      (net 148 CAN-))
    (pad C5 thru_hole circle (at -1.665 -7.5) (size 2 2) (drill 1.3) (layers *.Cu *.Mask)
      (net 54 TACH))
    (pad C4 thru_hole circle (at 1.665 -7.5) (size 2 2) (drill 1.3) (layers *.Cu *.Mask)
      (net 59 FAN))
    (pad C3 thru_hole circle (at 4.995 -7.5) (size 2 2) (drill 1.3) (layers *.Cu *.Mask)
      (net 58 FP))
    (pad C2 thru_hole circle (at 8.325 -7.5) (size 2 2) (drill 1.3) (layers *.Cu *.Mask)
      (net 2 GND))
    (pad B2 thru_hole circle (at 8.325 -11.7) (size 2 2) (drill 1.3) (layers *.Cu *.Mask)
      (net 144 HC3))
    (pad B3 thru_hole circle (at 4.995 -11.7) (size 2 2) (drill 1.3) (layers *.Cu *.Mask)
      (net 141 VVT))
    (pad B4 thru_hole circle (at 1.665 -11.7) (size 2 2) (drill 1.3) (layers *.Cu *.Mask)
      (net 142 HC1))
    (pad B5 thru_hole circle (at -1.665 -11.7) (size 2 2) (drill 1.3) (layers *.Cu *.Mask)
      (net 2 GND))
    (pad B6 thru_hole circle (at -4.995 -11.7) (size 2 2) (drill 1.3) (layers *.Cu *.Mask)
      (net 2 GND))
    (pad B7 thru_hole circle (at -8.325 -11.7) (size 2 2) (drill 1.3) (layers *.Cu *.Mask)
      (net 27 IDLE))
    (pad A7 thru_hole circle (at -8.325 -15.9) (size 2 2) (drill 1.3) (layers *.Cu *.Mask)
      (net 55 CAM))
    (pad A6 thru_hole circle (at -4.995 -15.9) (size 2 2) (drill 1.3) (layers *.Cu *.Mask)
      (net 13 O2))
    (pad A2 thru_hole circle (at 8.325 -15.9) (size 2 2) (drill 1.3) (layers *.Cu *.Mask)
      (net 56 CLUTCH))
    (pad A3 thru_hole circle (at 4.995 -15.9) (size 2 2) (drill 1.3) (layers *.Cu *.Mask)
      (net 10 TPS))
    (pad A5 thru_hole circle (at -1.665 -15.9) (size 2 2) (drill 1.3) (layers *.Cu *.Mask)
      (net 7 CLT))
    (pad A4 thru_hole circle (at 1.665 -15.9) (size 2 2) (drill 1.3) (layers *.Cu *.Mask)
      (net 1 IAT))
    (pad B1 thru_hole circle (at 12.475 -11.7) (size 2 2) (drill 1.3) (layers *.Cu *.Mask)
      (net 143 HC2))
    (pad B8 thru_hole circle (at -12.475 -11.7) (size 2 2) (drill 1.3) (layers *.Cu *.Mask)
      (net 53 BOOST))
    (pad A1 thru_hole circle (at 12.475 -15.9) (size 2 2) (drill 1.3) (layers *.Cu *.Mask)
      (net 145 AC))
    (pad A8 thru_hole circle (at -12.475 -15.9) (size 2 2) (drill 1.3) (layers *.Cu *.Mask)
      (net 57 CRANK))
    (pad C1 thru_hole circle (at 12.475 -7.5) (size 2 2) (drill 1.3) (layers *.Cu *.Mask)
      (net 2 GND))
    (pad C8 thru_hole circle (at -12.475 -7.5) (size 2 2) (drill 1.3) (layers *.Cu *.Mask)
      (net 129 ADC-CLAMP-7))
  )

  (module Capacitor_SMD:C_0402_1005Metric_Pad0.74x0.62mm_HandSolder (layer F.Cu) (tedit 5F6BB22C) (tstamp 60845217)
    (at 92.668951 53.17069 315)
    (descr "Capacitor SMD 0402 (1005 Metric), square (rectangular) end terminal, IPC_7351 nominal with elongated pad for handsoldering. (Body size source: IPC-SM-782 page 76, https://www.pcb-3d.com/wordpress/wp-content/uploads/ipc-sm-782a_amendment_1_and_2.pdf), generated with kicad-footprint-generator")
    (tags "capacitor handsolder")
    (path /608F155A/607F47CB)
    (attr smd)
    (fp_text reference C32 (at 0 -1.16 135) (layer F.Fab)
      (effects (font (size 1 1) (thickness 0.15)))
    )
    (fp_text value 100n (at 0 1.16 135) (layer F.Fab)
      (effects (font (size 1 1) (thickness 0.15)))
    )
    (fp_line (start -0.5 0.25) (end -0.5 -0.25) (layer F.Fab) (width 0.1))
    (fp_line (start -0.5 -0.25) (end 0.5 -0.25) (layer F.Fab) (width 0.1))
    (fp_line (start 0.5 -0.25) (end 0.5 0.25) (layer F.Fab) (width 0.1))
    (fp_line (start 0.5 0.25) (end -0.5 0.25) (layer F.Fab) (width 0.1))
    (fp_line (start -0.115835 -0.36) (end 0.115835 -0.36) (layer F.SilkS) (width 0.12))
    (fp_line (start -0.115835 0.36) (end 0.115835 0.36) (layer F.SilkS) (width 0.12))
    (fp_line (start -1.08 0.46) (end -1.08 -0.46) (layer F.CrtYd) (width 0.05))
    (fp_line (start -1.08 -0.46) (end 1.08 -0.46) (layer F.CrtYd) (width 0.05))
    (fp_line (start 1.08 -0.46) (end 1.08 0.46) (layer F.CrtYd) (width 0.05))
    (fp_line (start 1.08 0.46) (end -1.08 0.46) (layer F.CrtYd) (width 0.05))
    (fp_text user %R (at 0 0 135) (layer F.Fab)
      (effects (font (size 0.25 0.25) (thickness 0.04)))
    )
    (pad 1 smd roundrect (at -0.5675 0 315) (size 0.735 0.62) (layers F.Cu F.Paste F.Mask) (roundrect_rratio 0.25)
      (net 20 +3V3))
    (pad 2 smd roundrect (at 0.5675 0 315) (size 0.735 0.62) (layers F.Cu F.Paste F.Mask) (roundrect_rratio 0.25)
      (net 2 GND))
    (model ${KISYS3DMOD}/Capacitor_SMD.3dshapes/C_0402_1005Metric.wrl
      (at (xyz 0 0 0))
      (scale (xyz 1 1 1))
      (rotate (xyz 0 0 0))
    )
  )

  (module Resistor_SMD:R_0805_2012Metric_Pad1.20x1.40mm_HandSolder (layer F.Cu) (tedit 5F68FEEE) (tstamp 607F7EDB)
    (at 90.6 82.7 315)
    (descr "Resistor SMD 0805 (2012 Metric), square (rectangular) end terminal, IPC_7351 nominal with elongated pad for handsoldering. (Body size source: IPC-SM-782 page 72, https://www.pcb-3d.com/wordpress/wp-content/uploads/ipc-sm-782a_amendment_1_and_2.pdf), generated with kicad-footprint-generator")
    (tags "resistor handsolder")
    (path /5EFFD74E/5F809023)
    (attr smd)
    (fp_text reference R35 (at 0 -1.65 135) (layer F.Fab)
      (effects (font (size 1 1) (thickness 0.15)))
    )
    (fp_text value 470 (at 0 1.65 135) (layer F.Fab)
      (effects (font (size 1 1) (thickness 0.15)))
    )
    (fp_line (start -1 0.625) (end -1 -0.625) (layer F.Fab) (width 0.1))
    (fp_line (start -1 -0.625) (end 1 -0.625) (layer F.Fab) (width 0.1))
    (fp_line (start 1 -0.625) (end 1 0.625) (layer F.Fab) (width 0.1))
    (fp_line (start 1 0.625) (end -1 0.625) (layer F.Fab) (width 0.1))
    (fp_line (start -0.227064 -0.735) (end 0.227064 -0.735) (layer F.SilkS) (width 0.12))
    (fp_line (start -0.227064 0.735) (end 0.227064 0.735) (layer F.SilkS) (width 0.12))
    (fp_line (start -1.85 0.95) (end -1.85 -0.95) (layer F.CrtYd) (width 0.05))
    (fp_line (start -1.85 -0.95) (end 1.85 -0.95) (layer F.CrtYd) (width 0.05))
    (fp_line (start 1.85 -0.95) (end 1.85 0.95) (layer F.CrtYd) (width 0.05))
    (fp_line (start 1.85 0.95) (end -1.85 0.95) (layer F.CrtYd) (width 0.05))
    (fp_text user %R (at 0 0 135) (layer F.Fab)
      (effects (font (size 0.5 0.5) (thickness 0.08)))
    )
    (pad 1 smd roundrect (at -1 0 315) (size 1.2 1.4) (layers F.Cu F.Paste F.Mask) (roundrect_rratio 0.208333)
      (net 131 ADC-CLAMP-12))
    (pad 2 smd roundrect (at 1 0 315) (size 1.2 1.4) (layers F.Cu F.Paste F.Mask) (roundrect_rratio 0.208333)
      (net 3 "Net-(C2-Pad1)"))
    (model ${KISYS3DMOD}/Resistor_SMD.3dshapes/R_0805_2012Metric.wrl
      (at (xyz 0 0 0))
      (scale (xyz 1 1 1))
      (rotate (xyz 0 0 0))
    )
  )

  (module speeduino_connector_automotive:Delphi_Sicma_24_Black (layer F.Cu) (tedit 5C9C2C74) (tstamp 607FA3BD)
    (at 135.8 139.85)
    (path /60B10A81)
    (fp_text reference J1 (at 5.525 -17) (layer F.Fab)
      (effects (font (size 1 1) (thickness 0.15)))
    )
    (fp_text value CONN_BLACK (at 5.525 -18) (layer F.Fab)
      (effects (font (size 1 1) (thickness 0.15)))
    )
    (fp_line (start -15 0) (end 21.4 0) (layer Eco1.User) (width 0.12))
    (fp_line (start -21.4 -7.1) (end -19.2 -7.1) (layer Eco1.User) (width 0.12))
    (fp_line (start -19.2 -7.1) (end -19.2 -12.1) (layer Eco1.User) (width 0.12))
    (fp_line (start -19.2 -12.1) (end -21.4 -12.1) (layer Eco1.User) (width 0.12))
    (fp_line (start -21.4 -12.1) (end -21.4 -7.1) (layer Eco1.User) (width 0.12))
    (fp_line (start 19.2 -7.1) (end 21.4 -7.1) (layer Eco1.User) (width 0.12))
    (fp_line (start 21.4 -7.1) (end 21.4 -10.6) (layer Eco1.User) (width 0.12))
    (fp_line (start 21.4 -10.6) (end 19.2 -10.6) (layer Eco1.User) (width 0.12))
    (fp_line (start 19.2 -10.6) (end 19.2 -7.1) (layer Eco1.User) (width 0.12))
    (fp_line (start -15 0) (end -15 -2.2) (layer Eco1.User) (width 0.12))
    (fp_line (start -15 -2.2) (end -17 -2.2) (layer Eco1.User) (width 0.12))
    (fp_line (start -17 -2.2) (end -17 0) (layer Eco1.User) (width 0.12))
    (fp_line (start -21.4 0) (end -17 0) (layer Eco1.User) (width 0.12))
    (fp_text user "TRACE OVER ECO1.USER WITH EDGE CUTS" (at 0 -3.3) (layer Cmts.User)
      (effects (font (size 1 1) (thickness 0.15)))
    )
    (pad C7 thru_hole circle (at -8.325 -7.5) (size 2 2) (drill 1.3) (layers *.Cu *.Mask)
      (net 46 INJ-3))
    (pad C6 thru_hole circle (at -4.995 -7.5) (size 2 2) (drill 1.3) (layers *.Cu *.Mask)
      (net 45 INJ-2))
    (pad C5 thru_hole circle (at -1.665 -7.5) (size 2 2) (drill 1.3) (layers *.Cu *.Mask)
      (net 44 INJ-1))
    (pad C4 thru_hole circle (at 1.665 -7.5) (size 2 2) (drill 1.3) (layers *.Cu *.Mask)
      (net 52 IGN-4))
    (pad C3 thru_hole circle (at 4.995 -7.5) (size 2 2) (drill 1.3) (layers *.Cu *.Mask)
      (net 49 IGN-3))
    (pad C2 thru_hole circle (at 8.325 -7.5) (size 2 2) (drill 1.3) (layers *.Cu *.Mask)
      (net 50 IGN-2))
    (pad B2 thru_hole circle (at 8.325 -11.7) (size 2 2) (drill 1.3) (layers *.Cu *.Mask)
      (net 2 GND))
    (pad B3 thru_hole circle (at 4.995 -11.7) (size 2 2) (drill 1.3) (layers *.Cu *.Mask)
      (net 2 GND))
    (pad B4 thru_hole circle (at 1.665 -11.7) (size 2 2) (drill 1.3) (layers *.Cu *.Mask)
      (net 2 GND))
    (pad B5 thru_hole circle (at -1.665 -11.7) (size 2 2) (drill 1.3) (layers *.Cu *.Mask)
      (net 138 A4))
    (pad B6 thru_hole circle (at -4.995 -11.7) (size 2 2) (drill 1.3) (layers *.Cu *.Mask)
      (net 137 A3))
    (pad B7 thru_hole circle (at -8.325 -11.7) (size 2 2) (drill 1.3) (layers *.Cu *.Mask)
      (net 140 A2))
    (pad A7 thru_hole circle (at -8.325 -15.9) (size 2 2) (drill 1.3) (layers *.Cu *.Mask)
      (net 6 VPROT))
    (pad A6 thru_hole circle (at -4.995 -15.9) (size 2 2) (drill 1.3) (layers *.Cu *.Mask)
      (net 147 VREG))
    (pad A2 thru_hole circle (at 8.325 -15.9) (size 2 2) (drill 1.3) (layers *.Cu *.Mask)
      (net 28 12v-SW))
    (pad A3 thru_hole circle (at 4.995 -15.9) (size 2 2) (drill 1.3) (layers *.Cu *.Mask)
      (net 2 GND))
    (pad A5 thru_hole circle (at -1.665 -15.9) (size 2 2) (drill 1.3) (layers *.Cu *.Mask)
      (net 2 GND))
    (pad A4 thru_hole circle (at 1.665 -15.9) (size 2 2) (drill 1.3) (layers *.Cu *.Mask)
      (net 2 GND))
    (pad B1 thru_hole circle (at 12.475 -11.7) (size 2 2) (drill 1.3) (layers *.Cu *.Mask)
      (net 2 GND))
    (pad B8 thru_hole circle (at -12.475 -11.7) (size 2 2) (drill 1.3) (layers *.Cu *.Mask)
      (net 139 A1))
    (pad A1 thru_hole circle (at 12.475 -15.9) (size 2 2) (drill 1.3) (layers *.Cu *.Mask)
      (net 2 GND))
    (pad A8 thru_hole circle (at -12.475 -15.9) (size 2 2) (drill 1.3) (layers *.Cu *.Mask)
      (net 26 VBAT))
    (pad C1 thru_hole circle (at 12.475 -7.5) (size 2 2) (drill 1.3) (layers *.Cu *.Mask)
      (net 51 IGN-1))
    (pad C8 thru_hole circle (at -12.475 -7.5) (size 2 2) (drill 1.3) (layers *.Cu *.Mask)
      (net 47 INJ-4))
  )

  (module Diode_SMD:D_SOD-123 (layer F.Cu) (tedit 58645DC7) (tstamp 608E5974)
    (at 104.15 88.5)
    (descr SOD-123)
    (tags SOD-123)
    (path /5EF927DD/5EF93E94)
    (attr smd)
    (fp_text reference D2 (at 0 -2) (layer F.Fab)
      (effects (font (size 1 1) (thickness 0.15)))
    )
    (fp_text value 1n41001 (at 0 2.1) (layer F.Fab)
      (effects (font (size 1 1) (thickness 0.15)))
    )
    (fp_line (start -2.25 -1) (end 1.65 -1) (layer F.SilkS) (width 0.12))
    (fp_line (start -2.25 1) (end 1.65 1) (layer F.SilkS) (width 0.12))
    (fp_line (start -2.35 -1.15) (end -2.35 1.15) (layer F.CrtYd) (width 0.05))
    (fp_line (start 2.35 1.15) (end -2.35 1.15) (layer F.CrtYd) (width 0.05))
    (fp_line (start 2.35 -1.15) (end 2.35 1.15) (layer F.CrtYd) (width 0.05))
    (fp_line (start -2.35 -1.15) (end 2.35 -1.15) (layer F.CrtYd) (width 0.05))
    (fp_line (start -1.4 -0.9) (end 1.4 -0.9) (layer F.Fab) (width 0.1))
    (fp_line (start 1.4 -0.9) (end 1.4 0.9) (layer F.Fab) (width 0.1))
    (fp_line (start 1.4 0.9) (end -1.4 0.9) (layer F.Fab) (width 0.1))
    (fp_line (start -1.4 0.9) (end -1.4 -0.9) (layer F.Fab) (width 0.1))
    (fp_line (start -0.75 0) (end -0.35 0) (layer F.Fab) (width 0.1))
    (fp_line (start -0.35 0) (end -0.35 -0.55) (layer F.Fab) (width 0.1))
    (fp_line (start -0.35 0) (end -0.35 0.55) (layer F.Fab) (width 0.1))
    (fp_line (start -0.35 0) (end 0.25 -0.4) (layer F.Fab) (width 0.1))
    (fp_line (start 0.25 -0.4) (end 0.25 0.4) (layer F.Fab) (width 0.1))
    (fp_line (start 0.25 0.4) (end -0.35 0) (layer F.Fab) (width 0.1))
    (fp_line (start 0.25 0) (end 0.75 0) (layer F.Fab) (width 0.1))
    (fp_line (start -2.25 -1) (end -2.25 1) (layer F.SilkS) (width 0.12))
    (fp_text user %R (at 0 -2) (layer F.Fab)
      (effects (font (size 1 1) (thickness 0.15)))
    )
    (pad 2 smd rect (at 1.65 0) (size 0.9 1.2) (layers F.Cu F.Paste F.Mask)
      (net 27 IDLE))
    (pad 1 smd rect (at -1.65 0) (size 0.9 1.2) (layers F.Cu F.Paste F.Mask)
      (net 28 12v-SW))
    (model ${KISYS3DMOD}/Diode_SMD.3dshapes/D_SOD-123.wrl
      (at (xyz 0 0 0))
      (scale (xyz 1 1 1))
      (rotate (xyz 0 0 0))
    )
  )

  (module Resistor_SMD:R_0603_1608Metric_Pad0.98x0.95mm_HandSolder (layer F.Cu) (tedit 5F68FEEE) (tstamp 6082B439)
    (at 141.674818 72.15939 180)
    (descr "Resistor SMD 0603 (1608 Metric), square (rectangular) end terminal, IPC_7351 nominal with elongated pad for handsoldering. (Body size source: IPC-SM-782 page 72, https://www.pcb-3d.com/wordpress/wp-content/uploads/ipc-sm-782a_amendment_1_and_2.pdf), generated with kicad-footprint-generator")
    (tags "resistor handsolder")
    (path /5EFC1D36/609D47C7)
    (attr smd)
    (fp_text reference R26 (at 0 -1.43) (layer F.Fab)
      (effects (font (size 1 1) (thickness 0.15)))
    )
    (fp_text value 2.4k (at 0 1.43) (layer F.Fab)
      (effects (font (size 1 1) (thickness 0.15)))
    )
    (fp_line (start -0.8 0.4125) (end -0.8 -0.4125) (layer F.Fab) (width 0.1))
    (fp_line (start -0.8 -0.4125) (end 0.8 -0.4125) (layer F.Fab) (width 0.1))
    (fp_line (start 0.8 -0.4125) (end 0.8 0.4125) (layer F.Fab) (width 0.1))
    (fp_line (start 0.8 0.4125) (end -0.8 0.4125) (layer F.Fab) (width 0.1))
    (fp_line (start -0.254724 -0.5225) (end 0.254724 -0.5225) (layer F.SilkS) (width 0.12))
    (fp_line (start -0.254724 0.5225) (end 0.254724 0.5225) (layer F.SilkS) (width 0.12))
    (fp_line (start -1.65 0.73) (end -1.65 -0.73) (layer F.CrtYd) (width 0.05))
    (fp_line (start -1.65 -0.73) (end 1.65 -0.73) (layer F.CrtYd) (width 0.05))
    (fp_line (start 1.65 -0.73) (end 1.65 0.73) (layer F.CrtYd) (width 0.05))
    (fp_line (start 1.65 0.73) (end -1.65 0.73) (layer F.CrtYd) (width 0.05))
    (fp_text user %R (at 0 0) (layer F.Fab)
      (effects (font (size 0.4 0.4) (thickness 0.06)))
    )
    (pad 1 smd roundrect (at -0.9125 0 180) (size 0.975 0.95) (layers F.Cu F.Paste F.Mask) (roundrect_rratio 0.25)
      (net 78 "Net-(R22-Pad2)"))
    (pad 2 smd roundrect (at 0.9125 0 180) (size 0.975 0.95) (layers F.Cu F.Paste F.Mask) (roundrect_rratio 0.25)
      (net 29 "Net-(D3-Pad2)"))
    (model ${KISYS3DMOD}/Resistor_SMD.3dshapes/R_0603_1608Metric.wrl
      (at (xyz 0 0 0))
      (scale (xyz 1 1 1))
      (rotate (xyz 0 0 0))
    )
  )

  (module Resistor_SMD:R_0603_1608Metric_Pad0.98x0.95mm_HandSolder (layer F.Cu) (tedit 5F68FEEE) (tstamp 6082B409)
    (at 141.674818 76.85)
    (descr "Resistor SMD 0603 (1608 Metric), square (rectangular) end terminal, IPC_7351 nominal with elongated pad for handsoldering. (Body size source: IPC-SM-782 page 72, https://www.pcb-3d.com/wordpress/wp-content/uploads/ipc-sm-782a_amendment_1_and_2.pdf), generated with kicad-footprint-generator")
    (tags "resistor handsolder")
    (path /5EFC1D36/609D47D0)
    (attr smd)
    (fp_text reference R27 (at 0 -1.43) (layer F.Fab)
      (effects (font (size 1 1) (thickness 0.15)))
    )
    (fp_text value 2.4k (at 0 1.43) (layer F.Fab)
      (effects (font (size 1 1) (thickness 0.15)))
    )
    (fp_line (start 1.65 0.73) (end -1.65 0.73) (layer F.CrtYd) (width 0.05))
    (fp_line (start 1.65 -0.73) (end 1.65 0.73) (layer F.CrtYd) (width 0.05))
    (fp_line (start -1.65 -0.73) (end 1.65 -0.73) (layer F.CrtYd) (width 0.05))
    (fp_line (start -1.65 0.73) (end -1.65 -0.73) (layer F.CrtYd) (width 0.05))
    (fp_line (start -0.254724 0.5225) (end 0.254724 0.5225) (layer F.SilkS) (width 0.12))
    (fp_line (start -0.254724 -0.5225) (end 0.254724 -0.5225) (layer F.SilkS) (width 0.12))
    (fp_line (start 0.8 0.4125) (end -0.8 0.4125) (layer F.Fab) (width 0.1))
    (fp_line (start 0.8 -0.4125) (end 0.8 0.4125) (layer F.Fab) (width 0.1))
    (fp_line (start -0.8 -0.4125) (end 0.8 -0.4125) (layer F.Fab) (width 0.1))
    (fp_line (start -0.8 0.4125) (end -0.8 -0.4125) (layer F.Fab) (width 0.1))
    (fp_text user %R (at 0 0) (layer F.Fab)
      (effects (font (size 0.4 0.4) (thickness 0.06)))
    )
    (pad 2 smd roundrect (at 0.9125 0) (size 0.975 0.95) (layers F.Cu F.Paste F.Mask) (roundrect_rratio 0.25)
      (net 79 "Net-(R23-Pad1)"))
    (pad 1 smd roundrect (at -0.9125 0) (size 0.975 0.95) (layers F.Cu F.Paste F.Mask) (roundrect_rratio 0.25)
      (net 30 "Net-(D4-Pad2)"))
    (model ${KISYS3DMOD}/Resistor_SMD.3dshapes/R_0603_1608Metric.wrl
      (at (xyz 0 0 0))
      (scale (xyz 1 1 1))
      (rotate (xyz 0 0 0))
    )
  )

  (module Resistor_SMD:R_0603_1608Metric_Pad0.98x0.95mm_HandSolder (layer F.Cu) (tedit 5F68FEEE) (tstamp 608269ED)
    (at 141.7 59.6 180)
    (descr "Resistor SMD 0603 (1608 Metric), square (rectangular) end terminal, IPC_7351 nominal with elongated pad for handsoldering. (Body size source: IPC-SM-782 page 72, https://www.pcb-3d.com/wordpress/wp-content/uploads/ipc-sm-782a_amendment_1_and_2.pdf), generated with kicad-footprint-generator")
    (tags "resistor handsolder")
    (path /5EFC1D36/5F7C3A1D)
    (attr smd)
    (fp_text reference R28 (at 0 -1.43) (layer F.Fab)
      (effects (font (size 1 1) (thickness 0.15)))
    )
    (fp_text value 2.4k (at 0 1.43) (layer F.Fab)
      (effects (font (size 1 1) (thickness 0.15)))
    )
    (fp_line (start -0.8 0.4125) (end -0.8 -0.4125) (layer F.Fab) (width 0.1))
    (fp_line (start -0.8 -0.4125) (end 0.8 -0.4125) (layer F.Fab) (width 0.1))
    (fp_line (start 0.8 -0.4125) (end 0.8 0.4125) (layer F.Fab) (width 0.1))
    (fp_line (start 0.8 0.4125) (end -0.8 0.4125) (layer F.Fab) (width 0.1))
    (fp_line (start -0.254724 -0.5225) (end 0.254724 -0.5225) (layer F.SilkS) (width 0.12))
    (fp_line (start -0.254724 0.5225) (end 0.254724 0.5225) (layer F.SilkS) (width 0.12))
    (fp_line (start -1.65 0.73) (end -1.65 -0.73) (layer F.CrtYd) (width 0.05))
    (fp_line (start -1.65 -0.73) (end 1.65 -0.73) (layer F.CrtYd) (width 0.05))
    (fp_line (start 1.65 -0.73) (end 1.65 0.73) (layer F.CrtYd) (width 0.05))
    (fp_line (start 1.65 0.73) (end -1.65 0.73) (layer F.CrtYd) (width 0.05))
    (fp_text user %R (at 0 0) (layer F.Fab)
      (effects (font (size 0.4 0.4) (thickness 0.06)))
    )
    (pad 1 smd roundrect (at -0.9125 0 180) (size 0.975 0.95) (layers F.Cu F.Paste F.Mask) (roundrect_rratio 0.25)
      (net 80 "Net-(R24-Pad2)"))
    (pad 2 smd roundrect (at 0.9125 0 180) (size 0.975 0.95) (layers F.Cu F.Paste F.Mask) (roundrect_rratio 0.25)
      (net 31 "Net-(D5-Pad2)"))
    (model ${KISYS3DMOD}/Resistor_SMD.3dshapes/R_0603_1608Metric.wrl
      (at (xyz 0 0 0))
      (scale (xyz 1 1 1))
      (rotate (xyz 0 0 0))
    )
  )

  (module Resistor_SMD:R_0603_1608Metric_Pad0.98x0.95mm_HandSolder (layer F.Cu) (tedit 5F68FEEE) (tstamp 60826A1D)
    (at 141.7 64.25)
    (descr "Resistor SMD 0603 (1608 Metric), square (rectangular) end terminal, IPC_7351 nominal with elongated pad for handsoldering. (Body size source: IPC-SM-782 page 72, https://www.pcb-3d.com/wordpress/wp-content/uploads/ipc-sm-782a_amendment_1_and_2.pdf), generated with kicad-footprint-generator")
    (tags "resistor handsolder")
    (path /5EFC1D36/5F7C929F)
    (attr smd)
    (fp_text reference R29 (at 0 -1.43) (layer F.Fab)
      (effects (font (size 1 1) (thickness 0.15)))
    )
    (fp_text value 2.4k (at 0 1.43) (layer F.Fab)
      (effects (font (size 1 1) (thickness 0.15)))
    )
    (fp_line (start 1.65 0.73) (end -1.65 0.73) (layer F.CrtYd) (width 0.05))
    (fp_line (start 1.65 -0.73) (end 1.65 0.73) (layer F.CrtYd) (width 0.05))
    (fp_line (start -1.65 -0.73) (end 1.65 -0.73) (layer F.CrtYd) (width 0.05))
    (fp_line (start -1.65 0.73) (end -1.65 -0.73) (layer F.CrtYd) (width 0.05))
    (fp_line (start -0.254724 0.5225) (end 0.254724 0.5225) (layer F.SilkS) (width 0.12))
    (fp_line (start -0.254724 -0.5225) (end 0.254724 -0.5225) (layer F.SilkS) (width 0.12))
    (fp_line (start 0.8 0.4125) (end -0.8 0.4125) (layer F.Fab) (width 0.1))
    (fp_line (start 0.8 -0.4125) (end 0.8 0.4125) (layer F.Fab) (width 0.1))
    (fp_line (start -0.8 -0.4125) (end 0.8 -0.4125) (layer F.Fab) (width 0.1))
    (fp_line (start -0.8 0.4125) (end -0.8 -0.4125) (layer F.Fab) (width 0.1))
    (fp_text user %R (at 0 0) (layer F.Fab)
      (effects (font (size 0.4 0.4) (thickness 0.06)))
    )
    (pad 2 smd roundrect (at 0.9125 0) (size 0.975 0.95) (layers F.Cu F.Paste F.Mask) (roundrect_rratio 0.25)
      (net 81 "Net-(R25-Pad1)"))
    (pad 1 smd roundrect (at -0.9125 0) (size 0.975 0.95) (layers F.Cu F.Paste F.Mask) (roundrect_rratio 0.25)
      (net 32 "Net-(D6-Pad2)"))
    (model ${KISYS3DMOD}/Resistor_SMD.3dshapes/R_0603_1608Metric.wrl
      (at (xyz 0 0 0))
      (scale (xyz 1 1 1))
      (rotate (xyz 0 0 0))
    )
  )

  (module Resistor_SMD:R_0603_1608Metric_Pad0.98x0.95mm_HandSolder (layer F.Cu) (tedit 5F68FEEE) (tstamp 6082B379)
    (at 141.674818 73.75939)
    (descr "Resistor SMD 0603 (1608 Metric), square (rectangular) end terminal, IPC_7351 nominal with elongated pad for handsoldering. (Body size source: IPC-SM-782 page 72, https://www.pcb-3d.com/wordpress/wp-content/uploads/ipc-sm-782a_amendment_1_and_2.pdf), generated with kicad-footprint-generator")
    (tags "resistor handsolder")
    (path /5EFC1D36/609D47D9)
    (attr smd)
    (fp_text reference R22 (at 0 -1.43) (layer F.Fab)
      (effects (font (size 1 1) (thickness 0.15)))
    )
    (fp_text value 10 (at 0 1.43) (layer F.Fab)
      (effects (font (size 1 1) (thickness 0.15)))
    )
    (fp_line (start -0.8 0.4125) (end -0.8 -0.4125) (layer F.Fab) (width 0.1))
    (fp_line (start -0.8 -0.4125) (end 0.8 -0.4125) (layer F.Fab) (width 0.1))
    (fp_line (start 0.8 -0.4125) (end 0.8 0.4125) (layer F.Fab) (width 0.1))
    (fp_line (start 0.8 0.4125) (end -0.8 0.4125) (layer F.Fab) (width 0.1))
    (fp_line (start -0.254724 -0.5225) (end 0.254724 -0.5225) (layer F.SilkS) (width 0.12))
    (fp_line (start -0.254724 0.5225) (end 0.254724 0.5225) (layer F.SilkS) (width 0.12))
    (fp_line (start -1.65 0.73) (end -1.65 -0.73) (layer F.CrtYd) (width 0.05))
    (fp_line (start -1.65 -0.73) (end 1.65 -0.73) (layer F.CrtYd) (width 0.05))
    (fp_line (start 1.65 -0.73) (end 1.65 0.73) (layer F.CrtYd) (width 0.05))
    (fp_line (start 1.65 0.73) (end -1.65 0.73) (layer F.CrtYd) (width 0.05))
    (fp_text user %R (at 0 0) (layer F.Fab)
      (effects (font (size 0.4 0.4) (thickness 0.06)))
    )
    (pad 1 smd roundrect (at -0.9125 0) (size 0.975 0.95) (layers F.Cu F.Paste F.Mask) (roundrect_rratio 0.25)
      (net 49 IGN-3))
    (pad 2 smd roundrect (at 0.9125 0) (size 0.975 0.95) (layers F.Cu F.Paste F.Mask) (roundrect_rratio 0.25)
      (net 78 "Net-(R22-Pad2)"))
    (model ${KISYS3DMOD}/Resistor_SMD.3dshapes/R_0603_1608Metric.wrl
      (at (xyz 0 0 0))
      (scale (xyz 1 1 1))
      (rotate (xyz 0 0 0))
    )
  )

  (module Resistor_SMD:R_0603_1608Metric_Pad0.98x0.95mm_HandSolder (layer F.Cu) (tedit 5F68FEEE) (tstamp 6082B349)
    (at 141.674818 75.3 180)
    (descr "Resistor SMD 0603 (1608 Metric), square (rectangular) end terminal, IPC_7351 nominal with elongated pad for handsoldering. (Body size source: IPC-SM-782 page 72, https://www.pcb-3d.com/wordpress/wp-content/uploads/ipc-sm-782a_amendment_1_and_2.pdf), generated with kicad-footprint-generator")
    (tags "resistor handsolder")
    (path /5EFC1D36/609D47AC)
    (attr smd)
    (fp_text reference R23 (at 0 -1.43) (layer F.Fab)
      (effects (font (size 1 1) (thickness 0.15)))
    )
    (fp_text value 10 (at 0 1.43) (layer F.Fab)
      (effects (font (size 1 1) (thickness 0.15)))
    )
    (fp_line (start 1.65 0.73) (end -1.65 0.73) (layer F.CrtYd) (width 0.05))
    (fp_line (start 1.65 -0.73) (end 1.65 0.73) (layer F.CrtYd) (width 0.05))
    (fp_line (start -1.65 -0.73) (end 1.65 -0.73) (layer F.CrtYd) (width 0.05))
    (fp_line (start -1.65 0.73) (end -1.65 -0.73) (layer F.CrtYd) (width 0.05))
    (fp_line (start -0.254724 0.5225) (end 0.254724 0.5225) (layer F.SilkS) (width 0.12))
    (fp_line (start -0.254724 -0.5225) (end 0.254724 -0.5225) (layer F.SilkS) (width 0.12))
    (fp_line (start 0.8 0.4125) (end -0.8 0.4125) (layer F.Fab) (width 0.1))
    (fp_line (start 0.8 -0.4125) (end 0.8 0.4125) (layer F.Fab) (width 0.1))
    (fp_line (start -0.8 -0.4125) (end 0.8 -0.4125) (layer F.Fab) (width 0.1))
    (fp_line (start -0.8 0.4125) (end -0.8 -0.4125) (layer F.Fab) (width 0.1))
    (fp_text user %R (at 0 0) (layer F.Fab)
      (effects (font (size 0.4 0.4) (thickness 0.06)))
    )
    (pad 2 smd roundrect (at 0.9125 0 180) (size 0.975 0.95) (layers F.Cu F.Paste F.Mask) (roundrect_rratio 0.25)
      (net 52 IGN-4))
    (pad 1 smd roundrect (at -0.9125 0 180) (size 0.975 0.95) (layers F.Cu F.Paste F.Mask) (roundrect_rratio 0.25)
      (net 79 "Net-(R23-Pad1)"))
    (model ${KISYS3DMOD}/Resistor_SMD.3dshapes/R_0603_1608Metric.wrl
      (at (xyz 0 0 0))
      (scale (xyz 1 1 1))
      (rotate (xyz 0 0 0))
    )
  )

  (module Resistor_SMD:R_0603_1608Metric_Pad0.98x0.95mm_HandSolder (layer F.Cu) (tedit 5F68FEEE) (tstamp 6082690C)
    (at 141.680851 61.161004)
    (descr "Resistor SMD 0603 (1608 Metric), square (rectangular) end terminal, IPC_7351 nominal with elongated pad for handsoldering. (Body size source: IPC-SM-782 page 72, https://www.pcb-3d.com/wordpress/wp-content/uploads/ipc-sm-782a_amendment_1_and_2.pdf), generated with kicad-footprint-generator")
    (tags "resistor handsolder")
    (path /5EFC1D36/5F7D5520)
    (attr smd)
    (fp_text reference R24 (at 0 -1.43) (layer F.Fab)
      (effects (font (size 1 1) (thickness 0.15)))
    )
    (fp_text value 10 (at 0 1.43) (layer F.Fab)
      (effects (font (size 1 1) (thickness 0.15)))
    )
    (fp_line (start -0.8 0.4125) (end -0.8 -0.4125) (layer F.Fab) (width 0.1))
